train_auc: 0.8562616543596628
test_auc: 0.37914691943127965
train_rho: 0.26318145676153654
test_rho: -0.08701585936676119

train accuracy: average 0.7117064647641234
0) 0.504950495049505
1) 0.8910891089108911
2) 0.8316831683168316
3) 0.7029702970297029
4) 0.5544554455445545
5) 0.9405940594059405
6) 0.7326732673267327
7) 0.8712871287128713
8) 0.5247524752475248
9) 0.5247524752475248
10) 0.8712871287128713
11) 0.9603960396039604
12) 0.5346534653465347
13) 0.5544554455445545
14) 0.6633663366336634
15) 0.5544554455445545
16) 0.8811881188118812

test accuracy: average 0.6402714932126697
0) 0.4230769230769231
1) 0.6923076923076923
2) 0.7692307692307693
3) 0.5769230769230769
4) 0.5384615384615384
5) 0.9230769230769231
6) 0.5769230769230769
7) 0.8461538461538461
8) 0.46153846153846156
9) 0.5
10) 0.7692307692307693
11) 0.8846153846153846
12) 0.5384615384615384
13) 0.6153846153846154
14) 0.5
15) 0.4230769230769231
16) 0.8461538461538461
