train_auc: 0.7614346600965691
test_auc: 0.5359346642468239
train_rho: 0.43465111004825846
test_rho: 0.059129451380118186

train accuracy: average 0.6973158195316963
0) 0.7184466019417476
1) 0.6699029126213593
2) 0.7184466019417476
3) 0.7378640776699029
4) 0.6796116504854369
5) 0.6796116504854369
6) 0.7378640776699029
7) 0.6796116504854369
8) 0.6213592233009708
9) 0.7281553398058253
10) 0.7184466019417476
11) 0.7087378640776699
12) 0.7087378640776699
13) 0.6699029126213593
14) 0.6796116504854369
15) 0.6796116504854369
16) 0.7184466019417476

test accuracy: average 0.5158371040723982
0) 0.5
1) 0.5384615384615384
2) 0.5
3) 0.6153846153846154
4) 0.5384615384615384
5) 0.5384615384615384
6) 0.4230769230769231
7) 0.5
8) 0.5384615384615384
9) 0.4230769230769231
10) 0.5769230769230769
11) 0.5769230769230769
12) 0.5384615384615384
13) 0.5384615384615384
14) 0.46153846153846156
15) 0.5384615384615384
16) 0.4230769230769231
