train_auc: 0.6411402695803456
test_auc: 0.4761787125917561
train_rho: 0.27012856497740473
test_rho: -0.04630243910143346

train accuracy:
0.6185567010309279
0.6701030927835051
0.6185567010309279
0.5876288659793815
0.5773195876288659
0.7010309278350515
0.6907216494845361
0.7010309278350515
0.6597938144329897
0.6804123711340206
0.6701030927835051
0.6391752577319587
0.6494845360824743
0.6185567010309279
0.6494845360824743
0.6597938144329897
0.5670103092783505

test accuracy:
0.52
0.36
0.52
0.44
0.44
0.48
0.44
0.52
0.44
0.4
0.44
0.72
0.36
0.52
0.6
0.48
0.56
