train_auc: 0.8009148084619783
test_auc: 0.557194101235552
train_rho: 0.3803733091904562
test_rho: 0.06889759681937452

train accuracy:
0.7216494845360825
0.7525773195876289
0.7216494845360825
0.6597938144329897
0.6185567010309279
0.7010309278350515
0.7216494845360825
0.6804123711340206
0.7319587628865979
0.6907216494845361
0.7628865979381443
0.7422680412371134
0.7422680412371134
0.7010309278350515
0.9278350515463918
0.8865979381443299
0.711340206185567

test accuracy:
0.6
0.8
0.6
0.68
0.8
0.52
0.64
0.44
0.64
0.56
0.6
0.64
0.76
0.52
0.76
0.72
0.52
