train_auc: 0.5466545153325985
test_auc: 0.42454545454545456
train_rho: 0.08937223807493515
test_rho: -0.14437861558516235

train accuracy:
0.3917525773195876
0.6701030927835051
0.5979381443298969
0.3917525773195876
0.6597938144329897
0.6391752577319587
0.5979381443298969
0.6804123711340206
0.7216494845360825
0.3917525773195876
0.41237113402061853
0.6597938144329897
0.422680412371134
0.6804123711340206
0.4329896907216495
0.5670103092783505
0.4845360824742268

test accuracy:
0.32
0.6
0.48
0.24
0.64
0.56
0.68
0.52
0.4
0.32
0.16
0.6
0.32
0.56
0.28
0.36
0.4
