train_auc: 0.519978579667161
test_auc: 0.42340686274509803
train_rho: 0.039894181395195565
test_rho: -0.1538643637241659

train accuracy:
0.6804123711340206
0.6494845360824743
0.6494845360824743
0.6494845360824743
0.6804123711340206
0.4020618556701031
0.6804123711340206
0.6701030927835051
0.38144329896907214
0.3711340206185567
0.6597938144329897
0.6494845360824743
0.3711340206185567
0.36082474226804123
0.6597938144329897
0.3711340206185567
0.6701030927835051

test accuracy:
0.52
0.64
0.64
0.64
0.52
0.16
0.52
0.56
0.24
0.28
0.6
0.64
0.28
0.32
0.6
0.28
0.56
