train_auc: 0.951734168717834
test_auc: 0.42428909952606636
train_rho: 0.3337099436250251
test_rho: -0.054512876603294506

train accuracy: average 0.9242865463016889
0) 0.9108910891089109
1) 0.9702970297029703
2) 0.9405940594059405
3) 0.9207920792079208
4) 0.8910891089108911
5) 0.8910891089108911
6) 0.9504950495049505
7) 1.0
8) 0.9108910891089109
9) 0.8415841584158416
10) 0.9801980198019802
11) 0.8811881188118812
12) 0.8910891089108911
13) 0.900990099009901
14) 0.9702970297029703
15) 0.8811881188118812
16) 0.9801980198019802

test accuracy: average 0.7647058823529411
0) 0.7692307692307693
1) 0.7692307692307693
2) 0.7692307692307693
3) 0.6153846153846154
4) 0.7307692307692307
5) 0.6923076923076923
6) 0.8461538461538461
7) 0.8846153846153846
8) 0.8076923076923077
9) 0.7692307692307693
10) 0.8461538461538461
11) 0.6923076923076923
12) 0.7692307692307693
13) 0.7692307692307693
14) 0.7307692307692307
15) 0.6923076923076923
16) 0.8461538461538461
