train_auc: 0.6700891975721447
test_auc: 0.5192721957224189
train_rho: 0.32732945887886583
test_rho: 0.03598582901101428

train accuracy:
0.6185567010309279
0.6597938144329897
0.6907216494845361
0.6597938144329897
0.5979381443298969
0.6701030927835051
0.6288659793814433
0.6804123711340206
0.6288659793814433
0.5670103092783505
0.7216494845360825
0.5876288659793815
0.6907216494845361
0.6907216494845361
0.6494845360824743
0.6597938144329897
0.6597938144329897

test accuracy:
0.4
0.48
0.44
0.6
0.48
0.68
0.4
0.64
0.4
0.44
0.44
0.44
0.52
0.6
0.52
0.56
0.44
