train_auc: 0.5987972508591065
test_auc: 0.43087977823168955
train_rho: 0.18928406396311984
test_rho: -0.13193314538289597

train accuracy:
0.6907216494845361
0.5257731958762887
0.4948453608247423
0.6185567010309279
0.4329896907216495
0.4742268041237113
0.6907216494845361
0.5979381443298969
0.6494845360824743
0.6185567010309279
0.5773195876288659
0.6391752577319587
0.4329896907216495
0.6597938144329897
0.5876288659793815
0.5360824742268041
0.6391752577319587

test accuracy:
0.48
0.6
0.36
0.48
0.16
0.36
0.48
0.48
0.52
0.36
0.44
0.28
0.28
0.44
0.48
0.64
0.56
