train_auc: 0.520265715732502
test_auc: 0.4613957961258415
train_rho: 0.04900299312123201
test_rho: -0.09807629298194151

train accuracy:
0.6597938144329897
0.6701030927835051
0.36082474226804123
0.711340206185567
0.6701030927835051
0.6804123711340206
0.6494845360824743
0.6804123711340206
0.6597938144329897
0.6701030927835051
0.6597938144329897
0.36082474226804123
0.6804123711340206
0.6597938144329897
0.3711340206185567
0.6804123711340206
0.7010309278350515

test accuracy:
0.6
0.56
0.32
0.4
0.56
0.56
0.64
0.6
0.6
0.56
0.6
0.32
0.56
0.68
0.28
0.56
0.44
