train_auc: 0.6218623691910443
test_auc: 0.5894846631583939
train_rho: 0.23781341302075829
test_rho: 0.1809884251240692

train accuracy:
0.5360824742268041
0.5876288659793815
0.5463917525773195
0.5567010309278351
0.5670103092783505
0.6494845360824743
0.6391752577319587
0.5567010309278351
0.5773195876288659
0.5567010309278351
0.5876288659793815
0.5567010309278351
0.5773195876288659
0.5670103092783505
0.6288659793814433
0.5670103092783505
0.5567010309278351

test accuracy:
0.64
0.44
0.6
0.6
0.52
0.32
0.68
0.56
0.6
0.56
0.44
0.56
0.48
0.52
0.6
0.56
0.6
