train_auc: 0.5230217320645301
test_auc: 0.4100522002146551
train_rho: 0.04410043649615394
test_rho: -0.1717058238081657

train accuracy:
0.6494845360824743
0.6907216494845361
0.3917525773195876
0.3711340206185567
0.6804123711340206
0.6597938144329897
0.36082474226804123
0.38144329896907214
0.6701030927835051
0.36082474226804123
0.3711340206185567
0.6701030927835051
0.6701030927835051
0.3917525773195876
0.36082474226804123
0.6597938144329897
0.3711340206185567

test accuracy:
0.64
0.48
0.2
0.28
0.52
0.6
0.32
0.24
0.56
0.32
0.28
0.56
0.56
0.2
0.32
0.6
0.28
