train_auc: 0.5997012528827178
test_auc: 0.4565789473684211
train_rho: 0.20346499755047423
test_rho: -0.0897889102664608

train accuracy:
0.5463917525773195
0.5979381443298969
0.44329896907216493
0.5979381443298969
0.4020618556701031
0.4020618556701031
0.5360824742268041
0.5463917525773195
0.5567010309278351
0.5670103092783505
0.6288659793814433
0.5154639175257731
0.5360824742268041
0.5979381443298969
0.5773195876288659
0.6494845360824743
0.5360824742268041

test accuracy:
0.36
0.44
0.36
0.52
0.28
0.28
0.48
0.32
0.56
0.4
0.24
0.28
0.4
0.2
0.6
0.56
0.36
