train_auc: 0.5326726259878223
test_auc: 0.39415979157620495
train_rho: 0.03874667415667208
test_rho: -0.1373673802581427

train accuracy:
0.12371134020618557
0.9072164948453608
0.9175257731958762
0.9072164948453608
0.1134020618556701
0.10309278350515463
0.9278350515463918
0.9278350515463918
0.9175257731958762
0.10309278350515463
0.10309278350515463
0.9072164948453608
0.9175257731958762
0.9072164948453608
0.10309278350515463
0.10309278350515463
0.9175257731958762

test accuracy:
0.0
0.88
0.84
0.88
0.04
0.08
0.8
0.8
0.84
0.08
0.08
0.88
0.84
0.88
0.08
0.08
0.84
