train_auc: 0.8347418680990749
test_auc: 0.6140375068946498
train_rho: 0.5528822517598054
test_rho: 0.18643253384758915

train accuracy: average 0.755387303436226
0) 0.7722772277227723
1) 0.7623762376237624
2) 0.7722772277227723
3) 0.7326732673267327
4) 0.7425742574257426
5) 0.7326732673267327
6) 0.7524752475247525
7) 0.7524752475247525
8) 0.7821782178217822
9) 0.7326732673267327
10) 0.7722772277227723
11) 0.7326732673267327
12) 0.7623762376237624
13) 0.7227722772277227
14) 0.7425742574257426
15) 0.7821782178217822
16) 0.7920792079207921

test accuracy: average 0.5995475113122172
0) 0.5
1) 0.6153846153846154
2) 0.6538461538461539
3) 0.6538461538461539
4) 0.4230769230769231
5) 0.5769230769230769
6) 0.6153846153846154
7) 0.6153846153846154
8) 0.5769230769230769
9) 0.6923076923076923
10) 0.7307692307692307
11) 0.5384615384615384
12) 0.7307692307692307
13) 0.6538461538461539
14) 0.6153846153846154
15) 0.5384615384615384
16) 0.46153846153846156
