train_auc: 0.6882865243847949
test_auc: 0.461172310621515
train_rho: 0.22698915185754717
test_rho: -0.044321944385714074

train accuracy:
0.7938144329896907
0.4948453608247423
0.5154639175257731
0.6597938144329897
0.422680412371134
0.5051546391752577
0.711340206185567
0.7628865979381443
0.44329896907216493
0.4845360824742268
0.4845360824742268
0.4742268041237113
0.5051546391752577
0.5567010309278351
0.41237113402061853
0.44329896907216493
0.5979381443298969

test accuracy:
0.64
0.4
0.4
0.48
0.48
0.6
0.76
0.68
0.4
0.56
0.24
0.36
0.44
0.44
0.52
0.4
0.6
