train_auc: 0.5296344615181365
test_auc: 0.382494918699187
train_rho: 0.03543988143422922
test_rho: -0.1390074020112292

train accuracy:
0.1134020618556701
0.12371134020618557
0.9175257731958762
0.1134020618556701
0.9175257731958762
0.9175257731958762
0.9072164948453608
0.10309278350515463
0.9175257731958762
0.10309278350515463
0.1134020618556701
0.9072164948453608
0.9072164948453608
0.10309278350515463
0.10309278350515463
0.10309278350515463
0.9072164948453608

test accuracy:
0.04
0.0
0.84
0.04
0.84
0.84
0.88
0.08
0.84
0.08
0.04
0.88
0.88
0.08
0.08
0.08
0.88
