train_auc: 0.5689355391342147
test_auc: 0.4032047089601047
train_rho: 0.1145543461311496
test_rho: -0.15730681640838354

train accuracy: average 0.49302607640994534
0) 0.3711340206185567
1) 0.6494845360824743
2) 0.6597938144329897
3) 0.3711340206185567
4) 0.6701030927835051
5) 0.3711340206185567
6) 0.36082474226804123
7) 0.36082474226804123
8) 0.6597938144329897
9) 0.6597938144329897
10) 0.41237113402061853
11) 0.3711340206185567
12) 0.36082474226804123
13) 0.6494845360824743
14) 0.3711340206185567
15) 0.3917525773195876
16) 0.6907216494845361

test accuracy: average 0.4
0) 0.28
1) 0.64
2) 0.6
3) 0.28
4) 0.56
5) 0.28
6) 0.32
7) 0.32
8) 0.6
9) 0.6
10) 0.12
11) 0.28
12) 0.32
13) 0.64
14) 0.28
15) 0.2
16) 0.48
