train_auc: 0.7547253149338771
test_auc: 0.4432693884243319
train_rho: 0.4408344104664194
test_rho: -0.0982112504873981

train accuracy: average 0.6921758994860079
0) 0.6504854368932039
1) 0.6796116504854369
2) 0.6990291262135923
3) 0.7087378640776699
4) 0.6601941747572816
5) 0.6796116504854369
6) 0.6699029126213593
7) 0.6310679611650486
8) 0.7184466019417476
9) 0.7378640776699029
10) 0.6699029126213593
11) 0.7281553398058253
12) 0.6699029126213593
13) 0.7766990291262136
14) 0.7087378640776699
15) 0.7087378640776699
16) 0.6699029126213593

test accuracy: average 0.45022624434389136
0) 0.34615384615384615
1) 0.46153846153846156
2) 0.46153846153846156
3) 0.5
4) 0.4230769230769231
5) 0.5
6) 0.5
7) 0.6153846153846154
8) 0.3076923076923077
9) 0.38461538461538464
10) 0.46153846153846156
11) 0.4230769230769231
12) 0.34615384615384615
13) 0.38461538461538464
14) 0.5
15) 0.5
16) 0.5384615384615384
