train_auc: 0.5178208822448703
test_auc: 0.4309090909090909
train_rho: 0.03411103572535051
test_rho: -0.13229901852633036

train accuracy:
0.36082474226804123
0.38144329896907214
0.38144329896907214
0.36082474226804123
0.6494845360824743
0.6494845360824743
0.6494845360824743
0.6597938144329897
0.36082474226804123
0.6804123711340206
0.36082474226804123
0.36082474226804123
0.6804123711340206
0.6907216494845361
0.3711340206185567
0.6597938144329897
0.3711340206185567

test accuracy:
0.32
0.24
0.24
0.32
0.64
0.64
0.64
0.6
0.32
0.52
0.32
0.32
0.52
0.48
0.28
0.6
0.28
