train_auc: 0.5356855608543412
test_auc: 0.3542771657826737
train_rho: 0.04360554487355017
test_rho: -0.1685568506007146

train accuracy:
0.9278350515463918
0.10309278350515463
0.10309278350515463
0.13402061855670103
0.12371134020618557
0.9072164948453608
0.9175257731958762
0.9175257731958762
0.1134020618556701
0.10309278350515463
0.12371134020618557
0.1134020618556701
0.9072164948453608
0.9072164948453608
0.1134020618556701
0.1134020618556701
0.9175257731958762

test accuracy:
0.8
0.08
0.08
0.2
0.0
0.88
0.84
0.84
0.04
0.08
0.0
0.04
0.88
0.88
0.04
0.04
0.84
