train_auc: 0.5557247773084982
test_auc: 0.391196131418006
train_rho: 0.09191826864751403
test_rho: -0.18215093570911786

train accuracy: average 0.5955124317768344
0) 0.3711340206185567
1) 0.4020618556701031
2) 0.6804123711340206
3) 0.38144329896907214
4) 0.6494845360824743
5) 0.6701030927835051
6) 0.6701030927835051
7) 0.6701030927835051
8) 0.6494845360824743
9) 0.6804123711340206
10) 0.6597938144329897
11) 0.6494845360824743
12) 0.6494845360824743
13) 0.6597938144329897
14) 0.36082474226804123
15) 0.6597938144329897
16) 0.6597938144329897

test accuracy: average 0.5105882352941177
0) 0.28
1) 0.16
2) 0.52
3) 0.24
4) 0.64
5) 0.56
6) 0.56
7) 0.56
8) 0.64
9) 0.52
10) 0.6
11) 0.64
12) 0.64
13) 0.6
14) 0.32
15) 0.6
16) 0.6
