train_auc: 0.8127847425142175
test_auc: 0.5967274960519389
train_rho: 0.5177967264608917
test_rho: 0.16186901824002012

train accuracy: average 0.7675613934894345
0) 0.7281553398058253
1) 0.7475728155339806
2) 0.8155339805825242
3) 0.7378640776699029
4) 0.7766990291262136
5) 0.7087378640776699
6) 0.7864077669902912
7) 0.7378640776699029
8) 0.7572815533980582
9) 0.7864077669902912
10) 0.7864077669902912
11) 0.8058252427184466
12) 0.7281553398058253
13) 0.7766990291262136
14) 0.8058252427184466
15) 0.8058252427184466
16) 0.7572815533980582

test accuracy: average 0.5950226244343891
0) 0.5769230769230769
1) 0.6153846153846154
2) 0.38461538461538464
3) 0.6153846153846154
4) 0.5384615384615384
5) 0.6923076923076923
6) 0.6923076923076923
7) 0.5769230769230769
8) 0.5769230769230769
9) 0.5769230769230769
10) 0.6923076923076923
11) 0.5384615384615384
12) 0.6153846153846154
13) 0.6923076923076923
14) 0.5769230769230769
15) 0.5384615384615384
16) 0.6153846153846154
