train_auc: 0.6108015702165379
test_auc: 0.3884502923976608
train_rho: 0.13082202282382316
test_rho: -0.1373203661292431

train accuracy:
0.16494845360824742
0.9175257731958762
0.8247422680412371
0.21649484536082475
0.7525773195876289
0.9278350515463918
0.8865979381443299
0.5567010309278351
0.5567010309278351
0.5154639175257731
0.23711340206185566
0.4742268041237113
0.27835051546391754
0.6288659793814433
0.27835051546391754
0.4948453608247423
0.4742268041237113

test accuracy:
0.12
0.84
0.68
0.08
0.48
0.8
0.8
0.28
0.64
0.48
0.32
0.16
0.24
0.56
0.2
0.32
0.64
