train_auc:               precision    recall  f1-score   support

           0       0.64      0.73      0.68       294
           1       0.56      0.55      0.55       253
           2       0.61      0.59      0.60       319
           3       0.55      0.47      0.50       174

   micro avg       0.60      0.60      0.60      1040
   macro avg       0.59      0.58      0.59      1040
weighted avg       0.60      0.60      0.60      1040

test_auc:               precision    recall  f1-score   support

           0       0.50      0.59      0.54        41
           1       0.30      0.30      0.30        27
           2       0.29      0.22      0.25        36
           3       0.12      0.12      0.12        16

   micro avg       0.35      0.35      0.35       120
   macro avg       0.30      0.31      0.30       120
weighted avg       0.34      0.35      0.34       120

train_rho: 0.5461958394497721
test_rho: 0.23890204199921689

train accuracy:
0.5865384615384616
0.5913461538461539
0.6201923076923077
0.5817307692307693
0.6153846153846154

test accuracy:
0.4166666666666667
0.3333333333333333
0.2916666666666667
0.3333333333333333
0.375
