train_auc: 0.8423647964002954
test_auc: 0.6173740053050397
train_rho: 0.4508222117628332
test_rho: 0.16345534398357103

train accuracy:
0.711340206185567
0.8556701030927835
0.8144329896907216
0.8144329896907216
0.8865979381443299
0.7835051546391752
0.7216494845360825
0.7628865979381443
0.7216494845360825
0.7731958762886598
0.7628865979381443
0.8247422680412371
0.8041237113402062
0.9175257731958762
0.7938144329896907
0.8762886597938144
0.8247422680412371

test accuracy:
0.64
0.76
0.64
0.6
0.8
0.52
0.8
0.72
0.8
0.76
0.72
0.8
0.6
0.68
0.72
0.8
0.68
