train_auc: 0.7704657123033574
test_auc: 0.5297413793103449
train_rho: 0.4496657866222609
test_rho: 0.04893858002483266

train accuracy: average 0.7133066818960594
0) 0.7378640776699029
1) 0.7281553398058253
2) 0.7281553398058253
3) 0.7281553398058253
4) 0.6990291262135923
5) 0.7087378640776699
6) 0.7475728155339806
7) 0.6601941747572816
8) 0.6601941747572816
9) 0.6990291262135923
10) 0.7087378640776699
11) 0.6893203883495146
12) 0.6990291262135923
13) 0.6990291262135923
14) 0.7475728155339806
15) 0.7378640776699029
16) 0.7475728155339806

test accuracy: average 0.5248868778280543
0) 0.5384615384615384
1) 0.5384615384615384
2) 0.46153846153846156
3) 0.6153846153846154
4) 0.5769230769230769
5) 0.5384615384615384
6) 0.5
7) 0.5769230769230769
8) 0.5384615384615384
9) 0.38461538461538464
10) 0.5384615384615384
11) 0.6153846153846154
12) 0.5384615384615384
13) 0.5384615384615384
14) 0.38461538461538464
15) 0.5384615384615384
16) 0.5
