train_auc: 0.6364542847936026
test_auc: 0.5699271878005221
train_rho: 0.26255714046734757
test_rho: 0.14080544677796628

train accuracy:
0.5567010309278351
0.5567010309278351
0.5670103092783505
0.7319587628865979
0.5567010309278351
0.6804123711340206
0.6082474226804123
0.6391752577319587
0.5360824742268041
0.5463917525773195
0.5360824742268041
0.5463917525773195
0.5567010309278351
0.6288659793814433
0.5876288659793815
0.5463917525773195
0.6907216494845361

test accuracy:
0.56
0.56
0.52
0.64
0.56
0.44
0.36
0.52
0.64
0.6
0.64
0.6
0.56
0.44
0.44
0.6
0.64
