train_auc: 0.531318338019369
test_auc: 0.41350549557436045
train_rho: 0.06028923023600789
test_rho: -0.16610369061646182

train accuracy:
0.6494845360824743
0.6804123711340206
0.6701030927835051
0.6597938144329897
0.6701030927835051
0.36082474226804123
0.36082474226804123
0.6804123711340206
0.3711340206185567
0.41237113402061853
0.4020618556701031
0.4020618556701031
0.3917525773195876
0.5567010309278351
0.3917525773195876
0.6391752577319587
0.3917525773195876

test accuracy:
0.6
0.52
0.56
0.6
0.56
0.32
0.32
0.52
0.28
0.16
0.2
0.28
0.32
0.44
0.28
0.64
0.28
