train_auc: 0.6187964593820281
test_auc: 0.5693826611308818
train_rho: 0.23814480344386463
test_rho: 0.13556027035448198

train accuracy:
0.5463917525773195
0.5670103092783505
0.6185567010309279
0.5670103092783505
0.5670103092783505
0.5463917525773195
0.5773195876288659
0.5051546391752577
0.5773195876288659
0.6082474226804123
0.5773195876288659
0.5670103092783505
0.5463917525773195
0.5670103092783505
0.5773195876288659
0.5670103092783505
0.5463917525773195

test accuracy:
0.6
0.52
0.32
0.52
0.52
0.6
0.48
0.56
0.48
0.48
0.48
0.52
0.56
0.52
0.6
0.52
0.6
