train_auc: 0.6408702037191987
test_auc: 0.3749577845322526
train_rho: 0.16595744839204746
test_rho: -0.15746158889032194

train accuracy:
0.7319587628865979
0.7216494845360825
0.4948453608247423
0.9278350515463918
0.41237113402061853
0.9072164948453608
0.4845360824742268
0.5051546391752577
0.5257731958762887
0.8969072164948454
0.28865979381443296
0.30927835051546393
0.4742268041237113
0.41237113402061853
0.7628865979381443
0.7010309278350515
0.3402061855670103

test accuracy:
0.64
0.68
0.36
0.8
0.48
0.76
0.52
0.4
0.24
0.8
0.2
0.12
0.28
0.4
0.68
0.6
0.28
