train_auc: 0.6211347284011645
test_auc: 0.5277777777777778
train_rho: 0.2316410474839334
test_rho: 0.053376051268362375

train accuracy:
0.6288659793814433
0.5979381443298969
0.5979381443298969
0.5876288659793815
0.7010309278350515
0.4639175257731959
0.6597938144329897
0.6082474226804123
0.5154639175257731
0.5773195876288659
0.5876288659793815
0.6288659793814433
0.6082474226804123
0.6082474226804123
0.6082474226804123
0.5670103092783505
0.6701030927835051

test accuracy:
0.48
0.52
0.6
0.48
0.48
0.4
0.6
0.6
0.4
0.36
0.56
0.6
0.52
0.6
0.64
0.44
0.56
