train_auc: 0.801838456901748
test_auc: 0.5597682688998509
train_rho: 0.38926549763700463
test_rho: 0.08229429268344989

train accuracy:
0.7422680412371134
0.8247422680412371
0.7628865979381443
0.8865979381443299
0.7319587628865979
0.7835051546391752
0.8144329896907216
0.6597938144329897
0.6701030927835051
0.7835051546391752
0.8247422680412371
0.7628865979381443
0.8041237113402062
0.8350515463917526
0.7525773195876289
0.7731958762886598
0.6701030927835051

test accuracy:
0.72
0.8
0.72
0.76
0.72
0.68
0.84
0.68
0.56
0.64
0.6
0.64
0.8
0.64
0.52
0.8
0.64
