train_auc: 0.731875736411605
test_auc: 0.4758246088033322
train_rho: 0.2762662496573214
test_rho: -0.030893979277517337

train accuracy:
0.6185567010309279
0.6082474226804123
0.6288659793814433
0.6907216494845361
0.6701030927835051
0.711340206185567
0.6907216494845361
0.6804123711340206
0.7010309278350515
0.7628865979381443
0.4536082474226804
0.5257731958762887
0.7010309278350515
0.5567010309278351
0.7216494845360825
0.7525773195876289
0.5567010309278351

test accuracy:
0.68
0.68
0.44
0.48
0.64
0.68
0.6
0.6
0.56
0.72
0.6
0.28
0.52
0.4
0.68
0.64
0.4
