train_auc:               precision    recall  f1-score   support

           0       0.54      0.76      0.63       306
           1       0.51      0.34      0.41       258
           2       0.49      0.64      0.56       307
           3       0.57      0.12      0.20       169

   micro avg       0.52      0.52      0.52      1040
   macro avg       0.53      0.47      0.45      1040
weighted avg       0.52      0.52      0.48      1040

test_auc:               precision    recall  f1-score   support

           0       0.32      0.59      0.41        29
           1       0.31      0.36      0.33        22
           2       0.61      0.52      0.56        48
           3       0.00      0.00      0.00        21

   micro avg       0.42      0.42      0.42       120
   macro avg       0.31      0.37      0.33       120
weighted avg       0.38      0.42      0.39       120

train_rho: 0.45404917838791153
test_rho: 0.2286523054731847

train accuracy:
0.5096153846153846
0.4951923076923077
0.5288461538461539
0.5240384615384616
0.5288461538461539

test accuracy:
0.375
0.4166666666666667
0.5
0.4166666666666667
0.375
