train_auc: 0.6772101990768646
test_auc: 0.5418572154471545
train_rho: 0.2129924642462828
test_rho: 0.04954642755072892

train accuracy:
0.44329896907216493
0.4020618556701031
0.5567010309278351
0.4329896907216495
0.5670103092783505
0.6597938144329897
0.5051546391752577
0.5257731958762887
0.4536082474226804
0.7731958762886598
0.44329896907216493
0.6907216494845361
0.41237113402061853
0.5876288659793815
0.4329896907216495
0.422680412371134
0.4742268041237113

test accuracy:
0.4
0.56
0.64
0.44
0.48
0.64
0.52
0.56
0.36
0.4
0.4
0.52
0.52
0.64
0.44
0.48
0.28
