train_auc: 0.845378862039947
test_auc: 0.5991931918656056
train_rho: 0.45772941900654673
test_rho: 0.13949627544580787

train accuracy:
0.711340206185567
0.9072164948453608
0.8144329896907216
0.8041237113402062
0.9072164948453608
0.7835051546391752
0.7216494845360825
0.7628865979381443
0.7216494845360825
0.7731958762886598
0.7525773195876289
0.8247422680412371
0.8041237113402062
0.9484536082474226
0.7835051546391752
0.8969072164948454
0.8247422680412371

test accuracy:
0.64
0.84
0.64
0.6
0.84
0.52
0.8
0.72
0.8
0.76
0.72
0.8
0.6
0.64
0.72
0.72
0.68
