train_auc:               precision    recall  f1-score   support

           0       0.63      0.73      0.68       303
           1       0.57      0.46      0.51       259
           2       0.60      0.66      0.63       315
           3       0.55      0.45      0.49       163

   micro avg       0.60      0.60      0.60      1040
   macro avg       0.59      0.57      0.58      1040
weighted avg       0.59      0.60      0.59      1040

test_auc:               precision    recall  f1-score   support

           0       0.55      0.72      0.62        32
           1       0.27      0.33      0.30        21
           2       0.43      0.40      0.42        40
           3       0.53      0.30      0.38        27

   micro avg       0.45      0.45      0.45       120
   macro avg       0.45      0.44      0.43       120
weighted avg       0.46      0.45      0.44       120

train_rho: 0.529370340974261
test_rho: 0.4321122942032889

train accuracy:
0.6057692307692307
0.6009615384615384
0.5721153846153846
0.5961538461538461
0.6105769230769231

test accuracy:
0.5
0.3333333333333333
0.5416666666666666
0.4583333333333333
0.4166666666666667
