train_auc: 0.6510133465150766
test_auc: 0.5386029411764706
train_rho: 0.2897384821270145
test_rho: 0.07434209255119759

train accuracy:
0.5979381443298969
0.5773195876288659
0.6494845360824743
0.6494845360824743
0.6804123711340206
0.6701030927835051
0.5567010309278351
0.5773195876288659
0.6494845360824743
0.5567010309278351
0.6082474226804123
0.7319587628865979
0.5463917525773195
0.6701030927835051
0.5360824742268041
0.7422680412371134
0.5773195876288659

test accuracy:
0.6
0.52
0.4
0.56
0.4
0.44
0.64
0.48
0.6
0.52
0.44
0.64
0.6
0.44
0.72
0.44
0.48
