train_auc:               precision    recall  f1-score   support

           0       0.62      0.75      0.68       301
           1       0.58      0.48      0.52       250
           2       0.62      0.60      0.61       315
           3       0.58      0.56      0.57       174

   micro avg       0.61      0.61      0.61      1040
   macro avg       0.60      0.60      0.60      1040
weighted avg       0.60      0.61      0.60      1040

test_auc:               precision    recall  f1-score   support

           0       0.48      0.65      0.55        34
           1       0.35      0.23      0.28        30
           2       0.54      0.55      0.54        40
           3       0.31      0.25      0.28        16

   micro avg       0.46      0.46      0.46       120
   macro avg       0.42      0.42      0.41       120
weighted avg       0.44      0.46      0.44       120

train_rho: 0.5525137744247015
test_rho: 0.25000756521186596

train accuracy:
0.6057692307692307
0.5673076923076923
0.625
0.6153846153846154
0.6201923076923077

test accuracy:
0.625
0.75
0.4166666666666667
0.20833333333333334
0.2916666666666667
