train_auc: 0.7626164674699184
test_auc: 0.5061994984675398
train_rho: 0.32889530484342844
test_rho: 0.007252117605348043

train accuracy:
0.6907216494845361
0.5876288659793815
0.8041237113402062
0.5979381443298969
0.7319587628865979
0.6288659793814433
0.6907216494845361
0.7628865979381443
0.6391752577319587
0.6185567010309279
0.711340206185567
0.5979381443298969
0.845360824742268
0.6804123711340206
0.845360824742268
0.6907216494845361
0.8144329896907216

test accuracy:
0.6
0.48
0.8
0.52
0.6
0.36
0.68
0.72
0.52
0.48
0.68
0.52
0.76
0.56
0.72
0.76
0.64
