train_auc: 0.7385824183330203
test_auc: 0.558285489136553
train_rho: 0.28303782153571994
test_rho: 0.0738833262391501

train accuracy:
0.6597938144329897
0.5463917525773195
0.5463917525773195
0.8041237113402062
0.5979381443298969
0.5979381443298969
0.6701030927835051
0.6701030927835051
0.979381443298969
0.6082474226804123
0.6804123711340206
0.4845360824742268
0.4639175257731959
0.6082474226804123
0.7216494845360825
0.7319587628865979
0.5154639175257731

test accuracy:
0.68
0.68
0.48
0.8
0.48
0.56
0.64
0.6
0.6
0.6
0.56
0.48
0.4
0.44
0.68
0.68
0.48
