train_auc: 0.7613286378386412
test_auc: 0.44985391260162605
train_rho: 0.31760801976744557
test_rho: -0.059445328939145434

train accuracy:
0.7525773195876289
0.6804123711340206
0.4948453608247423
0.6804123711340206
0.5154639175257731
0.6597938144329897
0.4948453608247423
0.6494845360824743
0.7525773195876289
0.7835051546391752
0.5670103092783505
0.6391752577319587
0.845360824742268
0.8041237113402062
0.7216494845360825
0.6391752577319587
0.6804123711340206

test accuracy:
0.44
0.44
0.56
0.76
0.48
0.44
0.28
0.68
0.6
0.48
0.28
0.44
0.6
0.52
0.6
0.56
0.64
