train_auc: 0.6126987244070285
test_auc: 0.44115163796014856
train_rho: 0.1361525774380119
test_rho: -0.0769004775035837

train accuracy:
0.8762886597938144
0.711340206185567
0.3711340206185567
0.711340206185567
0.7010309278350515
0.711340206185567
0.422680412371134
0.6185567010309279
0.7938144329896907
0.6804123711340206
0.7835051546391752
0.6597938144329897
0.10309278350515463
0.8144329896907216
0.6185567010309279
0.3402061855670103
0.865979381443299

test accuracy:
0.88
0.68
0.32
0.64
0.64
0.56
0.32
0.48
0.8
0.68
0.8
0.64
0.08
0.64
0.6
0.36
0.84
