train_auc: 0.7996592844974445
test_auc: 0.5419199398775447
train_rho: 0.49238681171160115
test_rho: 0.06988053387364904

train accuracy: average 0.7332556785090274
0) 0.7524752475247525
1) 0.7326732673267327
2) 0.6831683168316832
3) 0.7128712871287128
4) 0.7623762376237624
5) 0.7425742574257426
6) 0.7722772277227723
7) 0.7326732673267327
8) 0.7326732673267327
9) 0.6831683168316832
10) 0.693069306930693
11) 0.7524752475247525
12) 0.7128712871287128
13) 0.7227722772277227
14) 0.7524752475247525
15) 0.7623762376237624
16) 0.7623762376237624

test accuracy: average 0.5271493212669683
0) 0.6153846153846154
1) 0.5384615384615384
2) 0.5769230769230769
3) 0.6153846153846154
4) 0.5769230769230769
5) 0.5384615384615384
6) 0.4230769230769231
7) 0.4230769230769231
8) 0.5
9) 0.6153846153846154
10) 0.5
11) 0.46153846153846156
12) 0.5384615384615384
13) 0.5
14) 0.6153846153846154
15) 0.46153846153846156
16) 0.46153846153846156
