train_auc: 0.6389799799832012
test_auc: 0.4948409600936677
train_rho: 0.2660443995401288
test_rho: -0.009845722413268289

train accuracy:
0.6391752577319587
0.5463917525773195
0.6082474226804123
0.5257731958762887
0.711340206185567
0.6804123711340206
0.6804123711340206
0.6494845360824743
0.6907216494845361
0.6804123711340206
0.5773195876288659
0.7010309278350515
0.5567010309278351
0.6391752577319587
0.5979381443298969
0.5979381443298969
0.6907216494845361

test accuracy:
0.24
0.48
0.56
0.24
0.56
0.68
0.6
0.52
0.48
0.56
0.6
0.68
0.44
0.4
0.48
0.6
0.44
