train_auc: 0.5220381932053678
test_auc: 0.4300110946745562
train_rho: 0.043750806404259386
test_rho: -0.14357368799128994

train accuracy:
0.36082474226804123
0.6804123711340206
0.6907216494845361
0.6597938144329897
0.6804123711340206
0.6701030927835051
0.6597938144329897
0.4020618556701031
0.6701030927835051
0.6701030927835051
0.36082474226804123
0.3711340206185567
0.6597938144329897
0.7010309278350515
0.36082474226804123
0.3711340206185567
0.6701030927835051

test accuracy:
0.32
0.52
0.48
0.6
0.52
0.56
0.6
0.24
0.6
0.56
0.36
0.32
0.6
0.44
0.32
0.28
0.56
