train_auc: 0.5331179745771615
test_auc: 0.35284898300362216
train_rho: 0.04181502872365811
test_rho: -0.17361930444400941

train accuracy:
0.10309278350515463
0.1134020618556701
0.9175257731958762
0.12371134020618557
0.9072164948453608
0.12371134020618557
0.10309278350515463
0.9072164948453608
0.1134020618556701
0.10309278350515463
0.10309278350515463
0.10309278350515463
0.9278350515463918
0.1134020618556701
0.9175257731958762
0.1134020618556701
0.9175257731958762

test accuracy:
0.08
0.04
0.84
0.0
0.88
0.0
0.08
0.88
0.04
0.08
0.08
0.08
0.8
0.04
0.84
0.04
0.84
