train_auc:               precision    recall  f1-score   support

           0       0.64      0.71      0.67       299
           1       0.54      0.48      0.51       254
           2       0.54      0.61      0.57       320
           3       0.55      0.41      0.47       167

   micro avg       0.57      0.57      0.57      1040
   macro avg       0.57      0.55      0.56      1040
weighted avg       0.57      0.57      0.57      1040

test_auc:               precision    recall  f1-score   support

           0       0.50      0.44      0.47        36
           1       0.41      0.42      0.42        26
           2       0.41      0.51      0.46        35
           3       0.41      0.30      0.35        23

   micro avg       0.43      0.43      0.43       120
   macro avg       0.43      0.42      0.42       120
weighted avg       0.44      0.43      0.43       120

train_rho: 0.5379293723656031
test_rho: 0.33502278442303945

train accuracy:
0.5432692307692307
0.5865384615384616
0.5721153846153846
0.6057692307692307
0.5625

test accuracy:
0.4583333333333333
0.4166666666666667
0.4166666666666667
0.2916666666666667
0.5833333333333334
