train_auc: 0.7203424346382192
test_auc: 0.5397904044539054
train_rho: 0.2740959775877102
test_rho: 0.041666230249548214

train accuracy:
0.7319587628865979
0.6288659793814433
0.6804123711340206
0.6701030927835051
0.7835051546391752
0.5876288659793815
0.5979381443298969
0.7835051546391752
0.6185567010309279
0.6907216494845361
0.5670103092783505
0.5979381443298969
0.5979381443298969
0.5670103092783505
0.5567010309278351
0.7525773195876289
0.6391752577319587

test accuracy:
0.76
0.44
0.4
0.6
0.76
0.4
0.48
0.72
0.4
0.68
0.6
0.6
0.64
0.36
0.56
0.64
0.48
