train_auc: 0.7355535768579247
test_auc: 0.5506666666666666
train_rho: 0.2786590735881373
test_rho: 0.06593556576947572

train accuracy:
0.6804123711340206
0.44329896907216493
0.6288659793814433
0.6597938144329897
0.7525773195876289
0.5876288659793815
0.5773195876288659
0.8247422680412371
0.6185567010309279
0.7010309278350515
0.5360824742268041
0.7319587628865979
0.8144329896907216
0.44329896907216493
0.6701030927835051
0.7422680412371134
0.6804123711340206

test accuracy:
0.68
0.52
0.64
0.4
0.68
0.68
0.44
0.68
0.52
0.56
0.56
0.56
0.52
0.4
0.72
0.64
0.56
