train_auc: 0.7859718403889818
test_auc: 0.47175798603765606
train_rho: 0.4508653114608559
test_rho: -0.04304303866929351

train accuracy: average 0.7064534551684752
0) 0.7475728155339806
1) 0.7087378640776699
2) 0.7475728155339806
3) 0.7087378640776699
4) 0.6504854368932039
5) 0.6601941747572816
6) 0.6990291262135923
7) 0.7572815533980582
8) 0.7184466019417476
9) 0.7087378640776699
10) 0.7378640776699029
11) 0.6796116504854369
12) 0.7378640776699029
13) 0.6213592233009708
14) 0.7572815533980582
15) 0.7087378640776699
16) 0.6601941747572816

test accuracy: average 0.5045248868778279
0) 0.38461538461538464
1) 0.5769230769230769
2) 0.38461538461538464
3) 0.46153846153846156
4) 0.5384615384615384
5) 0.4230769230769231
6) 0.46153846153846156
7) 0.7307692307692307
8) 0.5
9) 0.46153846153846156
10) 0.5769230769230769
11) 0.5384615384615384
12) 0.5
13) 0.4230769230769231
14) 0.6153846153846154
15) 0.46153846153846156
16) 0.5384615384615384
