train_auc:               precision    recall  f1-score   support

           0       0.62      0.70      0.66       303
           1       0.57      0.57      0.57       253
           2       0.61      0.55      0.58       317
           3       0.57      0.54      0.55       167

   micro avg       0.60      0.60      0.60      1040
   macro avg       0.59      0.59      0.59      1040
weighted avg       0.60      0.60      0.60      1040

test_auc:               precision    recall  f1-score   support

           0       0.61      0.62      0.62        32
           1       0.37      0.41      0.39        27
           2       0.43      0.47      0.45        38
           3       0.27      0.17      0.21        23

   micro avg       0.44      0.44      0.44       120
   macro avg       0.42      0.42      0.42       120
weighted avg       0.43      0.44      0.43       120

train_rho: 0.5176996943832658
test_rho: 0.349108722573976

train accuracy:
0.6057692307692307
0.5721153846153846
0.625
0.5865384615384616
0.6009615384615384

test accuracy:
0.4583333333333333
0.4583333333333333
0.2916666666666667
0.5
0.5
