train_auc: 0.6341215729581793
test_auc: 0.5461866946359005
train_rho: 0.25790711541616756
test_rho: 0.08752431115133777

train accuracy:
0.5670103092783505
0.5773195876288659
0.5773195876288659
0.5670103092783505
0.7010309278350515
0.5979381443298969
0.6391752577319587
0.711340206185567
0.5876288659793815
0.7010309278350515
0.5773195876288659
0.6391752577319587
0.6701030927835051
0.5670103092783505
0.5773195876288659
0.5876288659793815
0.5670103092783505

test accuracy:
0.6
0.48
0.44
0.52
0.56
0.6
0.52
0.44
0.44
0.4
0.48
0.48
0.56
0.52
0.48
0.76
0.6
