train_auc: 0.7271068454390535
test_auc: 0.5497714938588976
train_rho: 0.275191617634567
test_rho: 0.05547860115255555

train accuracy:
0.4845360824742268
0.6804123711340206
0.5979381443298969
0.5051546391752577
0.7628865979381443
0.5979381443298969
0.5051546391752577
0.6907216494845361
0.7835051546391752
0.6804123711340206
0.4948453608247423
0.5876288659793815
0.5670103092783505
0.5876288659793815
0.5567010309278351
0.6804123711340206
0.5154639175257731

test accuracy:
0.36
0.52
0.4
0.48
0.48
0.56
0.48
0.48
0.72
0.72
0.44
0.56
0.52
0.52
0.48
0.32
0.44
