train_auc: 0.6495942766601047
test_auc: 0.5924108480671262
train_rho: 0.29207397613282665
test_rho: 0.17939353027449975

train accuracy:
0.6082474226804123
0.6288659793814433
0.5773195876288659
0.7422680412371134
0.6288659793814433
0.6082474226804123
0.5979381443298969
0.5773195876288659
0.5876288659793815
0.6804123711340206
0.5979381443298969
0.5876288659793815
0.5670103092783505
0.5876288659793815
0.6185567010309279
0.6082474226804123
0.5773195876288659

test accuracy:
0.6
0.44
0.64
0.44
0.6
0.48
0.52
0.48
0.56
0.56
0.64
0.52
0.6
0.48
0.48
0.52
0.64
