train_auc: 0.6865113860702419
test_auc: 0.4941860465116279
train_rho: 0.22590183380934167
test_rho: -0.0066372365357581994

train accuracy:
0.7422680412371134
0.5463917525773195
0.4329896907216495
0.6185567010309279
0.422680412371134
0.5773195876288659
0.5670103092783505
0.6391752577319587
0.44329896907216493
0.4020618556701031
0.4845360824742268
0.44329896907216493
0.5773195876288659
0.6082474226804123
0.41237113402061853
0.44329896907216493
0.5257731958762887

test accuracy:
0.64
0.4
0.44
0.36
0.48
0.64
0.68
0.72
0.4
0.56
0.24
0.4
0.44
0.48
0.52
0.4
0.52
