train_auc: 0.6939048583850407
test_auc: 0.4826023391812866
train_rho: 0.22899662122231235
test_rho: -0.021429285452477145

train accuracy:
0.4742268041237113
0.4329896907216495
0.7525773195876289
0.4742268041237113
0.7422680412371134
0.7628865979381443
0.7525773195876289
0.4742268041237113
0.5154639175257731
0.6494845360824743
0.44329896907216493
0.5876288659793815
0.4639175257731959
0.5773195876288659
0.4639175257731959
0.41237113402061853
0.5154639175257731

test accuracy:
0.28
0.44
0.56
0.28
0.64
0.64
0.8
0.28
0.48
0.52
0.4
0.44
0.32
0.4
0.32
0.52
0.8
