train_auc: 0.563331252700821
test_auc: 0.4359704325242233
train_rho: 0.10516279292488007
test_rho: -0.10443647135216373

train accuracy: average 0.48817465130382043
0) 0.36082474226804123
1) 0.3711340206185567
2) 0.36082474226804123
3) 0.3917525773195876
4) 0.36082474226804123
5) 0.3711340206185567
6) 0.3711340206185567
7) 0.6494845360824743
8) 0.6597938144329897
9) 0.6597938144329897
10) 0.3711340206185567
11) 0.6597938144329897
12) 0.6597938144329897
13) 0.6701030927835051
14) 0.3711340206185567
15) 0.6494845360824743
16) 0.36082474226804123

test accuracy: average 0.41882352941176476
0) 0.32
1) 0.28
2) 0.32
3) 0.2
4) 0.32
5) 0.28
6) 0.28
7) 0.64
8) 0.6
9) 0.6
10) 0.28
11) 0.6
12) 0.6
13) 0.56
14) 0.28
15) 0.64
16) 0.32
