train_auc: 0.7563544403798925
test_auc: 0.5488229442970822
train_rho: 0.3650746927498995
test_rho: 0.07391144452671282

train accuracy:
0.8247422680412371
0.8144329896907216
0.8865979381443299
0.7010309278350515
0.8247422680412371
0.7525773195876289
0.7628865979381443
0.7835051546391752
0.7938144329896907
0.8144329896907216
0.8041237113402062
0.8865979381443299
0.865979381443299
0.9072164948453608
0.8041237113402062
0.845360824742268
0.845360824742268

test accuracy:
0.68
0.68
0.8
0.64
0.76
0.6
0.76
0.76
0.8
0.72
0.8
0.8
0.8
0.6
0.8
0.8
0.64
