train_auc:               precision    recall  f1-score   support

           0       0.61      0.71      0.66       293
           1       0.55      0.44      0.49       256
           2       0.61      0.63      0.62       323
           3       0.61      0.58      0.59       168

   micro avg       0.60      0.60      0.60      1040
   macro avg       0.60      0.59      0.59      1040
weighted avg       0.60      0.60      0.59      1040

test_auc:               precision    recall  f1-score   support

           0       0.50      0.62      0.55        42
           1       0.32      0.33      0.33        24
           2       0.28      0.28      0.28        32
           3       0.09      0.05      0.06        22

   micro avg       0.37      0.37      0.37       120
   macro avg       0.30      0.32      0.31       120
weighted avg       0.33      0.37      0.35       120

train_rho: 0.5324649371761035
test_rho: 0.21727083775779235

train accuracy:
0.5865384615384616
0.6057692307692307
0.6105769230769231
0.5913461538461539
0.6009615384615384

test accuracy:
0.375
0.375
0.375
0.375
0.3333333333333333
