train_auc: 0.5464466476599289
test_auc: 0.3861294978350669
train_rho: 0.09108681720069915
test_rho: -0.21949027697181483

train accuracy:
0.6804123711340206
0.7216494845360825
0.38144329896907214
0.711340206185567
0.41237113402061853
0.4020618556701031
0.38144329896907214
0.38144329896907214
0.38144329896907214
0.6701030927835051
0.6804123711340206
0.38144329896907214
0.3711340206185567
0.6804123711340206
0.6701030927835051
0.41237113402061853
0.3917525773195876

test accuracy:
0.6
0.4
0.24
0.44
0.24
0.28
0.32
0.24
0.28
0.44
0.6
0.28
0.32
0.6
0.6
0.12
0.2
