train_auc: 0.6150559226151919
test_auc: 0.39684650455927045
train_rho: 0.13482641316410218
test_rho: -0.1320459694306444

train accuracy:
0.15463917525773196
0.711340206185567
0.8865979381443299
0.5670103092783505
0.16494845360824742
0.20618556701030927
0.9278350515463918
0.9278350515463918
0.865979381443299
0.4536082474226804
0.5257731958762887
0.4536082474226804
0.7010309278350515
0.5876288659793815
0.24742268041237114
0.4742268041237113
0.9175257731958762

test accuracy:
0.08
0.68
0.64
0.36
0.24
0.36
0.8
0.8
0.72
0.32
0.32
0.36
0.48
0.64
0.32
0.24
0.84
