train_auc: 0.6546992481203008
test_auc: 0.6100063828742573
train_rho: 0.3022084761628118
test_rho: 0.2128638564578665

train accuracy:
0.5876288659793815
0.7010309278350515
0.6082474226804123
0.6288659793814433
0.6494845360824743
0.5567010309278351
0.5979381443298969
0.6185567010309279
0.5670103092783505
0.5670103092783505
0.5670103092783505
0.6391752577319587
0.5876288659793815
0.5876288659793815
0.6391752577319587
0.7010309278350515
0.6082474226804123

test accuracy:
0.56
0.56
0.64
0.68
0.52
0.56
0.52
0.56
0.52
0.56
0.6
0.56
0.56
0.56
0.56
0.48
0.68
