train_auc: 0.5784920493424683
test_auc: 0.4174027761844672
train_rho: 0.09676541859837483
test_rho: -0.10662185541449902

train accuracy:
0.9072164948453608
0.9175257731958762
0.9175257731958762
0.8556701030927835
0.9175257731958762
0.9278350515463918
0.3402061855670103
0.9175257731958762
0.14432989690721648
0.29896907216494845
0.9175257731958762
0.16494845360824742
0.9175257731958762
0.36082474226804123
0.41237113402061853
0.9175257731958762
0.16494845360824742

test accuracy:
0.88
0.88
0.88
0.8
0.84
0.8
0.28
0.88
0.08
0.12
0.84
0.12
0.84
0.32
0.32
0.84
0.04
