train_auc: 0.5927530017152658
test_auc: 0.40862893583100834
train_rho: 0.1117312497153238
test_rho: -0.10605716703718042

train accuracy:
0.4948453608247423
0.29896907216494845
0.6804123711340206
0.5670103092783505
0.1958762886597938
0.8969072164948454
0.5567010309278351
0.44329896907216493
0.1958762886597938
0.5979381443298969
0.26804123711340205
0.9175257731958762
0.711340206185567
0.5773195876288659
0.2268041237113402
0.5360824742268041
0.32989690721649484

test accuracy:
0.32
0.24
0.64
0.44
0.24
0.88
0.32
0.36
0.04
0.64
0.28
0.84
0.48
0.68
0.04
0.56
0.28
