train_auc: 0.6129212284489621
test_auc: 0.5850643688772632
train_rho: 0.22436758241832638
test_rho: 0.1651630211853116

train accuracy:
0.5463917525773195
0.5670103092783505
0.5670103092783505
0.5876288659793815
0.5670103092783505
0.5670103092783505
0.5567010309278351
0.5463917525773195
0.5670103092783505
0.5257731958762887
0.5567010309278351
0.5773195876288659
0.5773195876288659
0.5773195876288659
0.5670103092783505
0.6082474226804123
0.6185567010309279

test accuracy:
0.64
0.52
0.52
0.44
0.52
0.52
0.56
0.6
0.52
0.68
0.56
0.48
0.48
0.48
0.52
0.36
0.44
