train_auc: 0.5376683128614241
test_auc: 0.3654970760233918
train_rho: 0.04455124842371645
test_rho: -0.16582634160033508

train accuracy:
0.9278350515463918
0.10309278350515463
0.10309278350515463
0.9072164948453608
0.9072164948453608
0.1134020618556701
0.9278350515463918
0.1134020618556701
0.9278350515463918
0.9072164948453608
0.9278350515463918
0.1134020618556701
0.1134020618556701
0.10309278350515463
0.9072164948453608
0.1134020618556701
0.10309278350515463

test accuracy:
0.8
0.08
0.08
0.88
0.88
0.04
0.8
0.04
0.8
0.88
0.8
0.04
0.04
0.08
0.88
0.04
0.08
