train_auc: 0.792682624743
test_auc: 0.46487550813008127
train_rho: 0.37881901460320383
test_rho: -0.04404827040042218

train accuracy:
0.7835051546391752
0.7731958762886598
0.7628865979381443
0.7938144329896907
0.8041237113402062
0.7216494845360825
0.6701030927835051
0.8041237113402062
0.7216494845360825
0.7835051546391752
0.711340206185567
0.7835051546391752
0.8556701030927835
0.845360824742268
0.6494845360824743
0.7422680412371134
0.7010309278350515

test accuracy:
0.52
0.6
0.56
0.72
0.76
0.72
0.68
0.8
0.52
0.6
0.48
0.52
0.8
0.52
0.6
0.68
0.52
