train_auc: 0.7469625689452025
test_auc: 0.5276933468422831
train_rho: 0.2931918014831665
test_rho: 0.035208035362959224

train accuracy:
0.5257731958762887
0.5567010309278351
0.5876288659793815
0.6804123711340206
0.5979381443298969
0.7319587628865979
0.6391752577319587
0.7010309278350515
0.7835051546391752
0.7319587628865979
0.4742268041237113
0.5154639175257731
0.711340206185567
0.5360824742268041
0.7422680412371134
0.7835051546391752
0.6701030927835051

test accuracy:
0.52
0.64
0.44
0.48
0.64
0.6
0.6
0.64
0.6
0.76
0.68
0.28
0.56
0.44
0.72
0.64
0.52
