train_auc: 0.6073537061655203
test_auc: 0.41079141260162594
train_rho: 0.12817248502174863
test_rho: -0.10550478596489136

train accuracy:
0.3711340206185567
0.28865979381443296
0.30927835051546393
0.422680412371134
0.9072164948453608
0.422680412371134
0.7628865979381443
0.5360824742268041
0.865979381443299
0.32989690721649484
0.5154639175257731
0.422680412371134
0.8556701030927835
0.4742268041237113
0.8969072164948454
0.5463917525773195
0.30927835051546393

test accuracy:
0.36
0.28
0.12
0.64
0.76
0.52
0.56
0.4
0.68
0.24
0.28
0.24
0.76
0.32
0.84
0.36
0.24
