train_auc:               precision    recall  f1-score   support

           0       0.67      0.74      0.70       301
           1       0.58      0.55      0.56       256
           2       0.63      0.48      0.55       307
           3       0.51      0.66      0.57       176

    accuracy                           0.60      1040
   macro avg       0.60      0.61      0.60      1040
weighted avg       0.61      0.60      0.60      1040

test_auc:               precision    recall  f1-score   support

           0       0.47      0.53      0.50        34
           1       0.18      0.21      0.19        24
           2       0.57      0.42      0.48        48
           3       0.16      0.21      0.18        14

    accuracy                           0.38       120
   macro avg       0.35      0.34      0.34       120
weighted avg       0.42      0.38      0.39       120

train_rho: 0.5751050202408543
test_rho: 0.2522949938245419

train accuracy:
0.5961538461538461
0.6105769230769231
0.5961538461538461
0.6105769230769231
0.6057692307692307

test accuracy:
0.2916666666666667
0.3333333333333333
0.4166666666666667
0.5
0.375
