train_auc: 0.6752401837928154
test_auc: 0.5206461432709775
train_rho: 0.335949856717538
test_rho: 0.03940205628644922

train accuracy:
0.7216494845360825
0.7319587628865979
0.5876288659793815
0.6185567010309279
0.5979381443298969
0.6597938144329897
0.6082474226804123
0.6391752577319587
0.6185567010309279
0.6907216494845361
0.6391752577319587
0.7010309278350515
0.6082474226804123
0.5979381443298969
0.6494845360824743
0.6494845360824743
0.7628865979381443

test accuracy:
0.68
0.56
0.48
0.68
0.44
0.56
0.36
0.36
0.36
0.52
0.6
0.6
0.48
0.4
0.36
0.64
0.48
