train_auc: 0.6838105108606469
test_auc: 0.5255373425966131
train_rho: 0.21518014210284442
test_rho: 0.03292154650134031

train accuracy:
0.4639175257731959
0.4948453608247423
0.6288659793814433
0.44329896907216493
0.4329896907216495
0.4020618556701031
0.7216494845360825
0.7422680412371134
0.5876288659793815
0.4948453608247423
0.5257731958762887
0.5257731958762887
0.7319587628865979
0.422680412371134
0.422680412371134
0.5567010309278351
0.44329896907216493

test accuracy:
0.32
0.6
0.6
0.4
0.44
0.56
0.56
0.4
0.52
0.52
0.36
0.36
0.52
0.48
0.48
0.28
0.4
