train_auc: 0.5317332602410277
test_auc: 0.4061675796307567
train_rho: 0.03830410923977127
test_rho: -0.12974192665791068

train accuracy:
0.9278350515463918
0.1134020618556701
0.9072164948453608
0.10309278350515463
0.9072164948453608
0.10309278350515463
0.9072164948453608
0.9175257731958762
0.9278350515463918
0.9072164948453608
0.9072164948453608
0.1134020618556701
0.10309278350515463
0.9381443298969072
0.9072164948453608
0.10309278350515463
0.9278350515463918

test accuracy:
0.8
0.04
0.88
0.08
0.88
0.08
0.88
0.84
0.8
0.88
0.88
0.04
0.08
0.76
0.88
0.08
0.8
