train_auc: 0.7699559633547144
test_auc: 0.5310798548094373
train_rho: 0.44881829782222316
test_rho: 0.05114100277194565

train accuracy: average 0.713877784123358
0) 0.7378640776699029
1) 0.7281553398058253
2) 0.7184466019417476
3) 0.7281553398058253
4) 0.7087378640776699
5) 0.6990291262135923
6) 0.7475728155339806
7) 0.6601941747572816
8) 0.6601941747572816
9) 0.6990291262135923
10) 0.7184466019417476
11) 0.7087378640776699
12) 0.6990291262135923
13) 0.6990291262135923
14) 0.7475728155339806
15) 0.7281553398058253
16) 0.7475728155339806

test accuracy: average 0.5226244343891402
0) 0.5384615384615384
1) 0.5384615384615384
2) 0.46153846153846156
3) 0.6153846153846154
4) 0.5
5) 0.5384615384615384
6) 0.5
7) 0.5769230769230769
8) 0.5384615384615384
9) 0.4230769230769231
10) 0.5384615384615384
11) 0.5384615384615384
12) 0.5384615384615384
13) 0.5384615384615384
14) 0.4230769230769231
15) 0.5769230769230769
16) 0.5
