train_auc: 0.5357519733232029
test_auc: 0.37485380116959066
train_rho: 0.04228780489384923
test_rho: -0.15433518826077702

train accuracy:
0.12371134020618557
0.9175257731958762
0.9175257731958762
0.1134020618556701
0.9175257731958762
0.9278350515463918
0.9278350515463918
0.10309278350515463
0.9072164948453608
0.1134020618556701
0.10309278350515463
0.10309278350515463
0.1134020618556701
0.9072164948453608
0.1134020618556701
0.9072164948453608
0.9072164948453608

test accuracy:
0.0
0.84
0.84
0.04
0.84
0.8
0.8
0.08
0.88
0.12
0.08
0.08
0.04
0.88
0.04
0.88
0.88
