train_auc: 0.8848682923010686
test_auc: 0.7556110747051115
train_rho: 0.666598391126483
test_rho: 0.4426917081136272

train accuracy: average 0.8155339805825242
0) 0.8252427184466019
1) 0.7961165048543689
2) 0.8543689320388349
3) 0.8155339805825242
4) 0.8155339805825242
5) 0.8446601941747572
6) 0.7864077669902912
7) 0.8155339805825242
8) 0.8155339805825242
9) 0.8058252427184466
10) 0.8058252427184466
11) 0.7961165048543689
12) 0.8446601941747572
13) 0.7864077669902912
14) 0.8155339805825242
15) 0.8252427184466019
16) 0.8155339805825242

test accuracy: average 0.6900452488687783
0) 0.6538461538461539
1) 0.6538461538461539
2) 0.6923076923076923
3) 0.7307692307692307
4) 0.6538461538461539
5) 0.6538461538461539
6) 0.8076923076923077
7) 0.6538461538461539
8) 0.7307692307692307
9) 0.7307692307692307
10) 0.7307692307692307
11) 0.6153846153846154
12) 0.6923076923076923
13) 0.6923076923076923
14) 0.7307692307692307
15) 0.6923076923076923
16) 0.6153846153846154
