train_auc: 0.6410872497379121
test_auc: 0.5019997987623886
train_rho: 0.2707774113814583
test_rho: 0.003754490761561967

train accuracy:
0.5360824742268041
0.6701030927835051
0.6701030927835051
0.6185567010309279
0.5773195876288659
0.7319587628865979
0.5979381443298969
0.6597938144329897
0.5979381443298969
0.5154639175257731
0.4948453608247423
0.7422680412371134
0.6391752577319587
0.6288659793814433
0.7216494845360825
0.6494845360824743
0.6082474226804123

test accuracy:
0.44
0.4
0.72
0.64
0.44
0.52
0.64
0.48
0.56
0.32
0.36
0.4
0.56
0.48
0.52
0.6
0.36
