train_auc: 0.53267351266157
test_auc: 0.36485108119135046
train_rho: 0.03991641481766915
test_rho: -0.15671148409217414

train accuracy:
0.12371134020618557
0.9072164948453608
0.10309278350515463
0.9072164948453608
0.12371134020618557
0.9175257731958762
0.9072164948453608
0.12371134020618557
0.9175257731958762
0.1134020618556701
0.1134020618556701
0.9278350515463918
0.9072164948453608
0.10309278350515463
0.10309278350515463
0.12371134020618557
0.1134020618556701

test accuracy:
0.0
0.88
0.08
0.88
0.04
0.84
0.88
0.0
0.84
0.04
0.08
0.8
0.88
0.08
0.08
0.08
0.04
