train_auc: 0.7983965452007253
test_auc: 0.6748648427260813
train_rho: 0.5168278627455851
test_rho: 0.30284766027738047

train accuracy: average 0.6984580239862935
0) 0.6893203883495146
1) 0.6990291262135923
2) 0.7281553398058253
3) 0.6990291262135923
4) 0.7378640776699029
5) 0.6796116504854369
6) 0.6990291262135923
7) 0.7184466019417476
8) 0.6796116504854369
9) 0.6796116504854369
10) 0.6601941747572816
11) 0.6699029126213593
12) 0.7378640776699029
13) 0.6699029126213593
14) 0.6990291262135923
15) 0.7087378640776699
16) 0.7184466019417476

test accuracy: average 0.6244343891402715
0) 0.5769230769230769
1) 0.6153846153846154
2) 0.6538461538461539
3) 0.6153846153846154
4) 0.46153846153846156
5) 0.7307692307692307
6) 0.6538461538461539
7) 0.6923076923076923
8) 0.7307692307692307
9) 0.5769230769230769
10) 0.6538461538461539
11) 0.7307692307692307
12) 0.6538461538461539
13) 0.6923076923076923
14) 0.46153846153846156
15) 0.6538461538461539
16) 0.46153846153846156
