train_auc: 0.5180140070197292
test_auc: 0.4321457355520789
train_rho: 0.03765099090310324
test_rho: -0.14393807260334301

train accuracy:
0.6494845360824743
0.36082474226804123
0.38144329896907214
0.36082474226804123
0.6494845360824743
0.38144329896907214
0.6597938144329897
0.3917525773195876
0.6804123711340206
0.6597938144329897
0.6494845360824743
0.6907216494845361
0.6597938144329897
0.6597938144329897
0.6494845360824743
0.6701030927835051
0.6907216494845361

test accuracy:
0.64
0.32
0.24
0.32
0.64
0.24
0.6
0.2
0.52
0.6
0.64
0.48
0.6
0.6
0.64
0.56
0.48
