train_auc: 0.6120904472525
test_auc: 0.40138531848043413
train_rho: 0.13707246163727207
test_rho: -0.11090838857795607

train accuracy:
0.27835051546391754
0.6907216494845361
0.31958762886597936
0.8969072164948454
0.44329896907216493
0.7525773195876289
0.29896907216494845
0.4329896907216495
0.8969072164948454
0.35051546391752575
0.35051546391752575
0.4639175257731959
0.29896907216494845
0.4536082474226804
0.29896907216494845
0.6597938144329897
0.32989690721649484

test accuracy:
0.2
0.64
0.2
0.84
0.24
0.64
0.4
0.36
0.76
0.32
0.2
0.36
0.32
0.48
0.28
0.44
0.32
