train_auc: 0.6895927797210346
test_auc: 0.5397307859313938
train_rho: 0.22203399988151343
test_rho: 0.05115565993444333

train accuracy:
0.4639175257731959
0.5051546391752577
0.6185567010309279
0.5051546391752577
0.4329896907216495
0.4020618556701031
0.7010309278350515
0.6494845360824743
0.5979381443298969
0.5051546391752577
0.5463917525773195
0.5257731958762887
0.7216494845360825
0.422680412371134
0.44329896907216493
0.5567010309278351
0.44329896907216493

test accuracy:
0.32
0.6
0.6
0.4
0.44
0.56
0.56
0.44
0.56
0.52
0.36
0.36
0.56
0.48
0.52
0.28
0.4
