train_auc: 0.5345672969584557
test_auc: 0.38533377541998226
train_rho: 0.041111835315101625
test_rho: -0.14749176550489837

train accuracy:
0.9072164948453608
0.10309278350515463
0.9175257731958762
0.9175257731958762
0.9072164948453608
0.9381443298969072
0.9072164948453608
0.9072164948453608
0.1134020618556701
0.10309278350515463
0.1134020618556701
0.1134020618556701
0.9175257731958762
0.9278350515463918
0.9072164948453608
0.10309278350515463
0.1134020618556701

test accuracy:
0.88
0.08
0.84
0.84
0.88
0.76
0.88
0.88
0.04
0.08
0.04
0.04
0.84
0.8
0.88
0.08
0.04
