train_auc: 0.52903376297385
test_auc: 0.3848767784552845
train_rho: 0.03626542968955457
test_rho: -0.1422454861572117

train accuracy:
0.9072164948453608
0.1134020618556701
0.10309278350515463
0.10309278350515463
0.12371134020618557
0.10309278350515463
0.10309278350515463
0.9072164948453608
0.9175257731958762
0.10309278350515463
0.1134020618556701
0.10309278350515463
0.9484536082474226
0.9072164948453608
0.10309278350515463
0.10309278350515463
0.9072164948453608

test accuracy:
0.88
0.04
0.08
0.08
0.0
0.08
0.08
0.88
0.84
0.08
0.04
0.08
0.72
0.88
0.08
0.08
0.88
