train_auc: 0.5205773799287947
test_auc: 0.42050058983433347
train_rho: 0.04333003965359044
test_rho: -0.1621351441281225

train accuracy:
0.3711340206185567
0.38144329896907214
0.36082474226804123
0.6494845360824743
0.6701030927835051
0.3711340206185567
0.3917525773195876
0.38144329896907214
0.6597938144329897
0.36082474226804123
0.38144329896907214
0.3711340206185567
0.36082474226804123
0.6701030927835051
0.3711340206185567
0.422680412371134
0.6907216494845361

test accuracy:
0.32
0.24
0.32
0.64
0.56
0.28
0.2
0.28
0.6
0.32
0.24
0.32
0.32
0.56
0.28
0.08
0.48
