train_auc: 0.7471762137535
test_auc: 0.6160596026490066
train_rho: 0.4094912626887278
test_rho: 0.1870329112256013

train accuracy: average 0.6854979615608618
0) 0.6435643564356436
1) 0.7227722772277227
2) 0.6633663366336634
3) 0.6534653465346535
4) 0.693069306930693
5) 0.7227722772277227
6) 0.693069306930693
7) 0.693069306930693
8) 0.6732673267326733
9) 0.7128712871287128
10) 0.7326732673267327
11) 0.6633663366336634
12) 0.6831683168316832
13) 0.6534653465346535
14) 0.7326732673267327
15) 0.6534653465346535
16) 0.6633663366336634

test accuracy: average 0.5859728506787331
0) 0.7307692307692307
1) 0.5
2) 0.6538461538461539
3) 0.5
4) 0.6153846153846154
5) 0.5769230769230769
6) 0.5
7) 0.5384615384615384
8) 0.5769230769230769
9) 0.6153846153846154
10) 0.5769230769230769
11) 0.6923076923076923
12) 0.6538461538461539
13) 0.5769230769230769
14) 0.38461538461538464
15) 0.6153846153846154
16) 0.6538461538461539
