train_auc: 0.7328367284889025
test_auc: 0.5466666666666666
train_rho: 0.2770614999667765
test_rho: 0.06144323561756671

train accuracy:
0.6804123711340206
0.6185567010309279
0.6391752577319587
0.6804123711340206
0.7525773195876289
0.5154639175257731
0.6494845360824743
0.7835051546391752
0.6288659793814433
0.6804123711340206
0.5257731958762887
0.7731958762886598
0.8144329896907216
0.5360824742268041
0.6185567010309279
0.6494845360824743
0.7319587628865979

test accuracy:
0.64
0.72
0.64
0.48
0.68
0.6
0.44
0.64
0.52
0.56
0.64
0.72
0.52
0.52
0.68
0.56
0.6
