train_auc: 0.7509763931664863
test_auc: 0.6066120426829269
train_rho: 0.30201217832635335
test_rho: 0.1261967809467352

train accuracy:
0.7319587628865979
0.8041237113402062
0.5360824742268041
0.5154639175257731
0.8041237113402062
0.7216494845360825
0.5154639175257731
0.5773195876288659
0.6701030927835051
0.5773195876288659
0.6288659793814433
0.7835051546391752
0.5154639175257731
0.4845360824742268
0.6597938144329897
0.5979381443298969
0.7525773195876289

test accuracy:
0.68
0.56
0.56
0.48
0.6
0.52
0.36
0.52
0.6
0.64
0.64
0.72
0.44
0.4
0.6
0.64
0.64
