train_auc: 0.6222939773691202
test_auc: 0.5746304065527919
train_rho: 0.2368219795290869
test_rho: 0.14318253442271378

train accuracy:
0.5463917525773195
0.5670103092783505
0.5463917525773195
0.5670103092783505
0.7010309278350515
0.5463917525773195
0.6082474226804123
0.711340206185567
0.5876288659793815
0.5876288659793815
0.5773195876288659
0.6494845360824743
0.6804123711340206
0.5670103092783505
0.5773195876288659
0.5360824742268041
0.5154639175257731

test accuracy:
0.6
0.48
0.6
0.52
0.6
0.6
0.52
0.44
0.44
0.4
0.48
0.48
0.56
0.52
0.48
0.64
0.72
