train_auc: 0.6872314380988561
test_auc: 0.5472222222222222
train_rho: 0.22184938538967033
test_rho: 0.058541681109517414

train accuracy:
0.6804123711340206
0.5257731958762887
0.5051546391752577
0.5051546391752577
0.4536082474226804
0.3917525773195876
0.6907216494845361
0.4536082474226804
0.7525773195876289
0.5257731958762887
0.7628865979381443
0.4845360824742268
0.41237113402061853
0.4639175257731959
0.4948453608247423
0.4329896907216495
0.4948453608247423

test accuracy:
0.52
0.36
0.36
0.4
0.4
0.6
0.64
0.36
0.6
0.52
0.64
0.32
0.56
0.32
0.48
0.48
0.44
