train_auc: 0.5336770031290651
test_auc: 0.39817488141884927
train_rho: 0.042761090056442914
test_rho: -0.14646213952564358

train accuracy:
0.9175257731958762
0.9175257731958762
0.9072164948453608
0.9278350515463918
0.9072164948453608
0.10309278350515463
0.9278350515463918
0.9175257731958762
0.1134020618556701
0.1134020618556701
0.9072164948453608
0.9175257731958762
0.9175257731958762
0.1134020618556701
0.9175257731958762
0.9072164948453608
0.1134020618556701

test accuracy:
0.84
0.84
0.88
0.8
0.88
0.08
0.8
0.84
0.04
0.04
0.88
0.84
0.84
0.04
0.84
0.88
0.04
