train_auc: 0.6249794035261164
test_auc: 0.5663807189542484
train_rho: 0.24405498085570948
test_rho: 0.13334911522761042

train accuracy:
0.5154639175257731
0.5670103092783505
0.5567010309278351
0.5567010309278351
0.5670103092783505
0.5567010309278351
0.5979381443298969
0.5463917525773195
0.6494845360824743
0.7010309278350515
0.5567010309278351
0.6185567010309279
0.5670103092783505
0.5463917525773195
0.5876288659793815
0.6185567010309279
0.5876288659793815

test accuracy:
0.72
0.52
0.64
0.56
0.52
0.56
0.4
0.6
0.52
0.4
0.56
0.32
0.52
0.6
0.52
0.44
0.44
