train_auc: 0.6479600939424018
test_auc: 0.4435239178874508
train_rho: 0.2836075788555006
test_rho: -0.1092422055785144

train accuracy:
0.5979381443298969
0.6701030927835051
0.6804123711340206
0.711340206185567
0.6288659793814433
0.711340206185567
0.6185567010309279
0.5979381443298969
0.6185567010309279
0.711340206185567
0.5876288659793815
0.5463917525773195
0.7216494845360825
0.6907216494845361
0.6907216494845361
0.5670103092783505
0.7216494845360825

test accuracy:
0.44
0.52
0.52
0.44
0.4
0.4
0.36
0.52
0.48
0.52
0.32
0.16
0.52
0.44
0.6
0.56
0.48
