train_auc: 0.5235532860754979
test_auc: 0.4022285479817408
train_rho: 0.04535639780229358
test_rho: -0.18202653306460898

train accuracy:
0.4020618556701031
0.38144329896907214
0.3711340206185567
0.3711340206185567
0.4020618556701031
0.6494845360824743
0.6494845360824743
0.6804123711340206
0.4020618556701031
0.6494845360824743
0.6494845360824743
0.38144329896907214
0.6701030927835051
0.36082474226804123
0.6804123711340206
0.6597938144329897
0.3711340206185567

test accuracy:
0.16
0.24
0.28
0.28
0.16
0.64
0.64
0.52
0.16
0.64
0.64
0.24
0.56
0.32
0.52
0.6
0.28
