train_auc: 0.6495485508643403
test_auc: 0.5159080866106938
train_rho: 0.2868989621431395
test_rho: 0.030262474334634946

train accuracy:
0.7319587628865979
0.7216494845360825
0.6185567010309279
0.6185567010309279
0.5876288659793815
0.6701030927835051
0.6391752577319587
0.7010309278350515
0.6701030927835051
0.6494845360824743
0.6597938144329897
0.6701030927835051
0.6391752577319587
0.5257731958762887
0.6391752577319587
0.5257731958762887
0.7319587628865979

test accuracy:
0.64
0.48
0.48
0.6
0.48
0.68
0.56
0.52
0.48
0.44
0.4
0.56
0.56
0.44
0.32
0.44
0.52
