train_auc: 0.5354164028534043
test_auc: 0.37353801169590645
train_rho: 0.04188785857229862
test_rho: -0.1559128103090107

train accuracy:
0.12371134020618557
0.9175257731958762
0.9175257731958762
0.1134020618556701
0.9175257731958762
0.9278350515463918
0.9278350515463918
0.10309278350515463
0.9072164948453608
0.10309278350515463
0.10309278350515463
0.10309278350515463
0.1134020618556701
0.9072164948453608
0.1134020618556701
0.9072164948453608
0.9072164948453608

test accuracy:
0.0
0.84
0.84
0.04
0.84
0.8
0.8
0.08
0.88
0.08
0.08
0.08
0.04
0.88
0.04
0.88
0.88
