train_auc: 0.5484819385093068
test_auc: 0.4156303066626711
train_rho: 0.0970003671110635
test_rho: -0.16676866428695183

train accuracy:
0.5979381443298969
0.4536082474226804
0.422680412371134
0.7010309278350515
0.6701030927835051
0.44329896907216493
0.6597938144329897
0.422680412371134
0.38144329896907214
0.4536082474226804
0.6907216494845361
0.38144329896907214
0.3917525773195876
0.6597938144329897
0.4536082474226804
0.4020618556701031
0.38144329896907214

test accuracy:
0.36
0.32
0.32
0.48
0.6
0.4
0.64
0.16
0.24
0.32
0.56
0.32
0.28
0.6
0.24
0.2
0.32
