train_auc: 0.6372981602700146
test_auc: 0.5066031091210947
train_rho: 0.26742016077259184
test_rho: 0.012588670259653066

train accuracy:
0.6082474226804123
0.6597938144329897
0.6082474226804123
0.5257731958762887
0.5154639175257731
0.7216494845360825
0.4845360824742268
0.7010309278350515
0.6082474226804123
0.6701030927835051
0.6391752577319587
0.6185567010309279
0.5051546391752577
0.4948453608247423
0.5670103092783505
0.6597938144329897
0.6494845360824743

test accuracy:
0.44
0.56
0.56
0.52
0.32
0.52
0.4
0.48
0.44
0.52
0.48
0.48
0.4
0.4
0.52
0.44
0.6
