train_auc: 0.6755701343330209
test_auc: 0.5681961871413286
train_rho: 0.33726077480855665
test_rho: 0.13339324534857258

train accuracy:
0.7319587628865979
0.6288659793814433
0.6391752577319587
0.5670103092783505
0.6185567010309279
0.6391752577319587
0.5979381443298969
0.6082474226804123
0.6701030927835051
0.7216494845360825
0.7319587628865979
0.6185567010309279
0.6288659793814433
0.6185567010309279
0.6804123711340206
0.6494845360824743
0.6288659793814433

test accuracy:
0.44
0.48
0.6
0.52
0.48
0.56
0.6
0.48
0.64
0.6
0.32
0.48
0.56
0.56
0.68
0.56
0.44
