train_auc: 0.5915422671061373
test_auc: 0.4332045649649043
train_rho: 0.1775948671434848
test_rho: -0.12794875590633553

train accuracy:
0.6701030927835051
0.5670103092783505
0.5463917525773195
0.44329896907216493
0.5463917525773195
0.6597938144329897
0.5154639175257731
0.6804123711340206
0.5979381443298969
0.6494845360824743
0.4742268041237113
0.6494845360824743
0.5567010309278351
0.4742268041237113
0.5463917525773195
0.44329896907216493
0.5670103092783505

test accuracy:
0.56
0.6
0.4
0.16
0.36
0.2
0.44
0.48
0.52
0.36
0.28
0.56
0.48
0.32
0.36
0.32
0.48
