train_auc: 0.6712253035296529
test_auc: 0.5945626477541371
train_rho: 0.20262384753339963
test_rho: 0.12003976976169167

train accuracy:
0.4329896907216495
0.6288659793814433
0.44329896907216493
0.5463917525773195
0.5154639175257731
0.5360824742268041
0.4639175257731959
0.4639175257731959
0.7319587628865979
0.44329896907216493
0.4948453608247423
0.422680412371134
0.4020618556701031
0.7216494845360825
0.422680412371134
0.422680412371134
0.5463917525773195

test accuracy:
0.44
0.52
0.4
0.6
0.52
0.28
0.4
0.32
0.72
0.4
0.52
0.48
0.56
0.52
0.48
0.48
0.48
