train_auc: 0.5186663650917397
test_auc: 0.44395017793594305
train_rho: 0.03618563492269752
test_rho: -0.10730116550093478

train accuracy:
0.36082474226804123
0.3711340206185567
0.3711340206185567
0.6701030927835051
0.36082474226804123
0.6597938144329897
0.36082474226804123
0.6494845360824743
0.6597938144329897
0.6597938144329897
0.3711340206185567
0.6494845360824743
0.6597938144329897
0.3711340206185567
0.4020618556701031
0.36082474226804123
0.4742268041237113

test accuracy:
0.32
0.28
0.32
0.56
0.32
0.6
0.32
0.64
0.6
0.6
0.28
0.64
0.6
0.28
0.2
0.32
0.36
