train_auc:               precision    recall  f1-score   support

           0       0.66      0.69      0.68       303
           1       0.55      0.55      0.55       248
           2       0.57      0.58      0.58       318
           3       0.61      0.53      0.57       171

   micro avg       0.60      0.60      0.60      1040
   macro avg       0.60      0.59      0.59      1040
weighted avg       0.60      0.60      0.60      1040

test_auc:               precision    recall  f1-score   support

           0       0.41      0.50      0.45        32
           1       0.33      0.22      0.26        32
           2       0.30      0.30      0.30        37
           3       0.22      0.26      0.24        19

   micro avg       0.33      0.33      0.33       120
   macro avg       0.31      0.32      0.31       120
weighted avg       0.32      0.33      0.32       120

train_rho: 0.5453554806153869
test_rho: 0.3010475168419005

train accuracy:
0.6298076923076923
0.5769230769230769
0.5721153846153846
0.6057692307692307
0.6153846153846154

test accuracy:
0.20833333333333334
0.4166666666666667
0.3333333333333333
0.375
0.2916666666666667
