train_auc: 0.5749525366522519
test_auc: 0.39350897092183956
train_rho: 0.09262528106672886
test_rho: -0.14540151774003388

train accuracy:
0.9072164948453608
0.8865979381443299
0.8247422680412371
0.9278350515463918
0.5154639175257731
0.4329896907216495
0.9278350515463918
0.865979381443299
0.29896907216494845
0.28865979381443296
0.4948453608247423
0.9072164948453608
0.9175257731958762
0.21649484536082475
0.9381443298969072
0.8969072164948454
0.1134020618556701

test accuracy:
0.76
0.76
0.72
0.8
0.44
0.36
0.8
0.68
0.28
0.08
0.44
0.84
0.84
0.04
0.76
0.88
0.04
