train_auc: 0.5330135321286769
test_auc: 0.39884970054187663
train_rho: 0.0636002664935658
test_rho: -0.19705931052567435

train accuracy:
0.6597938144329897
0.6907216494845361
0.6597938144329897
0.4742268041237113
0.38144329896907214
0.6701030927835051
0.711340206185567
0.3711340206185567
0.6597938144329897
0.38144329896907214
0.38144329896907214
0.3711340206185567
0.7010309278350515
0.3711340206185567
0.3917525773195876
0.3711340206185567
0.38144329896907214

test accuracy:
0.6
0.48
0.6
0.32
0.24
0.56
0.4
0.28
0.6
0.24
0.32
0.32
0.44
0.32
0.28
0.28
0.32
