train_auc: 0.6630340210290365
test_auc: 0.2647754137115839
train_rho: 0.1211333460414326
test_rho: -0.16527195436269648

train accuracy: average 0.32090856144437974
0) 0.04950495049504951
1) 0.04950495049504951
2) 0.04950495049504951
3) 0.0594059405940594
4) 0.9603960396039604
5) 0.04950495049504951
6) 0.0594059405940594
7) 0.04950495049504951
8) 0.9603960396039604
9) 0.0594059405940594
10) 0.0594059405940594
11) 0.04950495049504951
12) 0.9603960396039604
13) 0.0594059405940594
14) 0.9603960396039604
15) 0.9603960396039604
16) 0.0594059405940594

test accuracy: average 0.2918552036199095
0) 0.038461538461538464
1) 0.038461538461538464
2) 0.038461538461538464
3) 0.0
4) 0.9230769230769231
5) 0.038461538461538464
6) 0.0
7) 0.038461538461538464
8) 0.9230769230769231
9) 0.0
10) 0.038461538461538464
11) 0.038461538461538464
12) 0.9230769230769231
13) 0.038461538461538464
14) 0.9230769230769231
15) 0.9230769230769231
16) 0.038461538461538464
