train_auc: 0.7360765921607809
test_auc: 0.6139481707317074
train_rho: 0.2880618300367167
test_rho: 0.13597405932781084

train accuracy:
0.5154639175257731
0.5567010309278351
0.5567010309278351
0.5670103092783505
0.7628865979381443
0.5670103092783505
0.7422680412371134
0.7422680412371134
0.8144329896907216
0.5670103092783505
0.7938144329896907
0.7835051546391752
0.7628865979381443
0.7628865979381443
0.6804123711340206
0.5360824742268041
0.6288659793814433

test accuracy:
0.6
0.52
0.48
0.56
0.84
0.56
0.52
0.56
0.52
0.44
0.68
0.72
0.64
0.72
0.76
0.52
0.52
