train_auc: 0.6195972773681225
test_auc: 0.5828857305827551
train_rho: 0.23692091776711455
test_rho: 0.16742295861023487

train accuracy:
0.5567010309278351
0.5567010309278351
0.5463917525773195
0.5876288659793815
0.5360824742268041
0.5773195876288659
0.6082474226804123
0.5567010309278351
0.5773195876288659
0.5773195876288659
0.5463917525773195
0.5567010309278351
0.5567010309278351
0.5567010309278351
0.6185567010309279
0.5463917525773195
0.5773195876288659

test accuracy:
0.56
0.56
0.6
0.44
0.64
0.48
0.56
0.56
0.48
0.48
0.6
0.56
0.68
0.56
0.32
0.6
0.48
