train_auc: 0.6735371893888515
test_auc: 0.5617990932951563
train_rho: 0.2081713118673632
test_rho: 0.07743841889166124

train accuracy:
0.7216494845360825
0.4639175257731959
0.4536082474226804
0.4639175257731959
0.44329896907216493
0.422680412371134
0.422680412371134
0.4020618556701031
0.5979381443298969
0.44329896907216493
0.422680412371134
0.4639175257731959
0.422680412371134
0.4536082474226804
0.7835051546391752
0.6185567010309279
0.4329896907216495

test accuracy:
0.44
0.32
0.36
0.52
0.4
0.48
0.48
0.56
0.4
0.4
0.48
0.32
0.48
0.36
0.4
0.48
0.44
