train_auc: 0.5381412611779471
test_auc: 0.3647421239837399
train_rho: 0.04615241200550112
test_rho: -0.16214146477100058

train accuracy:
0.9072164948453608
0.1134020618556701
0.12371134020618557
0.13402061855670103
0.9072164948453608
0.14432989690721648
0.1134020618556701
0.9072164948453608
0.1134020618556701
0.12371134020618557
0.1134020618556701
0.9175257731958762
0.9278350515463918
0.9175257731958762
0.1134020618556701
0.9278350515463918
0.1134020618556701

test accuracy:
0.88
0.08
0.08
0.08
0.88
0.04
0.04
0.88
0.04
0.08
0.08
0.84
0.8
0.84
0.04
0.8
0.04
