train_auc: 0.7450086530750074
test_auc: 0.5269005847953216
train_rho: 0.30207988398989094
test_rho: 0.034209788695381896

train accuracy:
0.6597938144329897
0.7216494845360825
0.5360824742268041
0.7731958762886598
0.8247422680412371
0.7216494845360825
0.5670103092783505
0.7938144329896907
0.5154639175257731
0.7319587628865979
0.5257731958762887
0.8350515463917526
0.7216494845360825
0.6494845360824743
0.7319587628865979
0.8350515463917526
0.7835051546391752

test accuracy:
0.56
0.6
0.44
0.72
0.72
0.6
0.52
0.72
0.56
0.68
0.44
0.72
0.64
0.48
0.6
0.72
0.64
