train_auc: 0.6659663865546218
test_auc: 0.5933415032679739
train_rho: 0.320731931165305
test_rho: 0.1823944553875706

train accuracy:
0.7010309278350515
0.6082474226804123
0.5773195876288659
0.5876288659793815
0.6804123711340206
0.6185567010309279
0.6391752577319587
0.5773195876288659
0.6185567010309279
0.6701030927835051
0.6288659793814433
0.6288659793814433
0.6082474226804123
0.6185567010309279
0.6391752577319587
0.6597938144329897
0.6082474226804123

test accuracy:
0.48
0.44
0.56
0.52
0.64
0.4
0.68
0.6
0.56
0.48
0.44
0.72
0.56
0.64
0.6
0.56
0.64
