train_auc: 0.7482751767832566
test_auc: 0.6151844843897825
train_rho: 0.41131188997267853
test_rho: 0.18562263657401226

train accuracy: average 0.6878276062900407
0) 0.6336633663366337
1) 0.7227722772277227
2) 0.7029702970297029
3) 0.6534653465346535
4) 0.693069306930693
5) 0.7227722772277227
6) 0.693069306930693
7) 0.693069306930693
8) 0.6732673267326733
9) 0.7029702970297029
10) 0.7326732673267327
11) 0.6633663366336634
12) 0.6831683168316832
13) 0.6534653465346535
14) 0.7326732673267327
15) 0.6732673267326733
16) 0.6633663366336634

test accuracy: average 0.5927601809954751
0) 0.7307692307692307
1) 0.5
2) 0.6923076923076923
3) 0.5384615384615384
4) 0.6153846153846154
5) 0.5769230769230769
6) 0.5
7) 0.5384615384615384
8) 0.5769230769230769
9) 0.6153846153846154
10) 0.5769230769230769
11) 0.6923076923076923
12) 0.6538461538461539
13) 0.5769230769230769
14) 0.4230769230769231
15) 0.6153846153846154
16) 0.6538461538461539
