train_auc: 0.664053985163309
test_auc: 0.5796298205815633
train_rho: 0.191400714635723
test_rho: 0.10546855351955055

train accuracy:
0.4639175257731959
0.711340206185567
0.5360824742268041
0.9278350515463918
0.422680412371134
0.44329896907216493
0.44329896907216493
0.5773195876288659
0.422680412371134
0.4845360824742268
0.422680412371134
0.422680412371134
0.4329896907216495
0.41237113402061853
0.5670103092783505
0.422680412371134
0.4329896907216495

test accuracy:
0.32
0.48
0.6
0.8
0.48
0.4
0.4
0.44
0.48
0.24
0.48
0.48
0.44
0.52
0.68
0.48
0.44
