train_auc: 0.5272109424360922
test_auc: 0.41188224698862996
train_rho: 0.033586106969806184
test_rho: -0.11601589547412741

train accuracy:
0.9072164948453608
0.10309278350515463
0.10309278350515463
0.9175257731958762
0.10309278350515463
0.9072164948453608
0.9175257731958762
0.9072164948453608
0.9175257731958762
0.9175257731958762
0.9072164948453608
0.9072164948453608
0.12371134020618557
0.10309278350515463
0.2268041237113402
0.9072164948453608
0.9072164948453608

test accuracy:
0.88
0.08
0.08
0.84
0.08
0.88
0.84
0.88
0.84
0.84
0.88
0.88
0.0
0.08
0.08
0.88
0.88
