train_auc: 0.5361275861736055
test_auc: 0.4082471460630306
train_rho: 0.06923760246627018
test_rho: -0.1752022026398006

train accuracy:
0.6185567010309279
0.7010309278350515
0.3917525773195876
0.3917525773195876
0.6907216494845361
0.6804123711340206
0.38144329896907214
0.4020618556701031
0.6804123711340206
0.3917525773195876
0.38144329896907214
0.6804123711340206
0.6907216494845361
0.3917525773195876
0.3711340206185567
0.6804123711340206
0.3711340206185567

test accuracy:
0.64
0.48
0.2
0.28
0.52
0.6
0.28
0.24
0.52
0.32
0.32
0.56
0.56
0.2
0.32
0.6
0.28
