train_auc: 0.7587225775115358
test_auc: 0.6128021284271286
train_rho: 0.42632208513257497
test_rho: 0.1861844318172754

train accuracy: average 0.6924868957483983
0) 0.7425742574257426
1) 0.6534653465346535
2) 0.7227722772277227
3) 0.6831683168316832
4) 0.7128712871287128
5) 0.6633663366336634
6) 0.6633663366336634
7) 0.6831683168316832
8) 0.6831683168316832
9) 0.6633663366336634
10) 0.7524752475247525
11) 0.693069306930693
12) 0.693069306930693
13) 0.7029702970297029
14) 0.6534653465346535
15) 0.693069306930693
16) 0.7128712871287128

test accuracy: average 0.5995475113122172
0) 0.5384615384615384
1) 0.6923076923076923
2) 0.5384615384615384
3) 0.6153846153846154
4) 0.5769230769230769
5) 0.6538461538461539
6) 0.7307692307692307
7) 0.5769230769230769
8) 0.5769230769230769
9) 0.6923076923076923
10) 0.4230769230769231
11) 0.6153846153846154
12) 0.5
13) 0.5769230769230769
14) 0.7307692307692307
15) 0.5769230769230769
16) 0.5769230769230769
