train_auc: 0.8171048394421554
test_auc: 0.5079712906504066
train_rho: 0.4156716726638138
test_rho: 0.010032883382595429

train accuracy:
0.7835051546391752
0.8144329896907216
0.7319587628865979
0.8247422680412371
0.845360824742268
0.7319587628865979
0.7010309278350515
0.7938144329896907
0.7731958762886598
0.7938144329896907
0.7216494845360825
0.7835051546391752
0.8144329896907216
0.9175257731958762
0.6804123711340206
0.7835051546391752
0.7422680412371134

test accuracy:
0.56
0.72
0.64
0.72
0.76
0.64
0.6
0.68
0.56
0.72
0.56
0.52
0.76
0.56
0.64
0.64
0.64
