train_auc: 0.7810544801110839
test_auc: 0.5701474691111997
train_rho: 0.36029641786788963
test_rho: 0.08586784586681723

train accuracy:
0.6907216494845361
0.7628865979381443
0.7731958762886598
0.7010309278350515
0.6494845360824743
0.6701030927835051
0.7216494845360825
0.6804123711340206
0.7422680412371134
0.711340206185567
0.7319587628865979
0.7422680412371134
0.7938144329896907
0.7938144329896907
0.8556701030927835
0.8556701030927835
0.7319587628865979

test accuracy:
0.56
0.84
0.72
0.84
0.8
0.48
0.52
0.52
0.64
0.52
0.48
0.52
0.88
0.72
0.72
0.84
0.6
