train_auc: 0.6681175294061622
test_auc: 0.38285291943828526
train_rho: 0.2639839245378254
test_rho: -0.18186487665175102

train accuracy: average 0.5619645916619075
0) 0.4368932038834951
1) 0.5048543689320388
2) 0.7864077669902912
3) 0.44660194174757284
4) 0.5436893203883495
5) 0.42718446601941745
6) 0.4854368932038835
7) 0.6019417475728155
8) 0.4368932038834951
9) 0.7669902912621359
10) 0.7475728155339806
11) 0.49514563106796117
12) 0.4854368932038835
13) 0.7572815533980582
14) 0.4368932038834951
15) 0.7184466019417476
16) 0.47572815533980584

test accuracy: average 0.3868778280542986
0) 0.2692307692307692
1) 0.34615384615384615
2) 0.5769230769230769
3) 0.19230769230769232
4) 0.3076923076923077
5) 0.15384615384615385
6) 0.3076923076923077
7) 0.5
8) 0.4230769230769231
9) 0.6153846153846154
10) 0.5769230769230769
11) 0.19230769230769232
12) 0.23076923076923078
13) 0.5384615384615384
14) 0.38461538461538464
15) 0.6538461538461539
16) 0.3076923076923077
