train_auc: 0.7219277006074508
test_auc: 0.5214156079854809
train_rho: 0.3689683739097759
test_rho: 0.03523876395380781

train accuracy: average 0.6396344945745289
0) 0.6796116504854369
1) 0.6019417475728155
2) 0.6893203883495146
3) 0.6601941747572816
4) 0.7087378640776699
5) 0.5048543689320388
6) 0.7475728155339806
7) 0.6699029126213593
8) 0.5728155339805825
9) 0.6893203883495146
10) 0.6990291262135923
11) 0.6310679611650486
12) 0.6893203883495146
13) 0.6116504854368932
14) 0.4854368932038835
15) 0.6699029126213593
16) 0.5631067961165048

test accuracy: average 0.502262443438914
0) 0.5769230769230769
1) 0.46153846153846156
2) 0.4230769230769231
3) 0.6153846153846154
4) 0.5384615384615384
5) 0.34615384615384615
6) 0.5769230769230769
7) 0.5
8) 0.5769230769230769
9) 0.5769230769230769
10) 0.5
11) 0.5769230769230769
12) 0.5
13) 0.46153846153846156
14) 0.34615384615384615
15) 0.5769230769230769
16) 0.38461538461538464
