train_auc: 0.8320796194205438
test_auc: 0.6109361184792219
train_rho: 0.4375867652269759
test_rho: 0.15601045847212214

train accuracy:
0.6701030927835051
0.8247422680412371
0.8350515463917526
0.8247422680412371
0.865979381443299
0.7835051546391752
0.711340206185567
0.7628865979381443
0.7319587628865979
0.7731958762886598
0.7525773195876289
0.8247422680412371
0.7938144329896907
0.9175257731958762
0.865979381443299
0.845360824742268
0.8144329896907216

test accuracy:
0.64
0.8
0.68
0.6
0.76
0.56
0.76
0.68
0.8
0.76
0.72
0.8
0.68
0.6
0.76
0.84
0.68
