train_auc: 0.5171955881310153
test_auc: 0.4333333333333333
train_rho: 0.034377716081153115
test_rho: -0.1333333333333333

train accuracy:
0.3711340206185567
0.6597938144329897
0.6494845360824743
0.38144329896907214
0.6494845360824743
0.6494845360824743
0.6494845360824743
0.6597938144329897
0.711340206185567
0.36082474226804123
0.4020618556701031
0.6597938144329897
0.36082474226804123
0.6701030927835051
0.3711340206185567
0.6494845360824743
0.6494845360824743

test accuracy:
0.28
0.6
0.64
0.24
0.64
0.64
0.64
0.6
0.4
0.32
0.16
0.6
0.32
0.56
0.28
0.64
0.64
