train_auc: 0.8216537131137942
test_auc: 0.5981312510966836
train_rho: 0.5324787851400485
test_rho: 0.16421813777910432

train accuracy: average 0.7784123358081096
0) 0.7572815533980582
1) 0.7572815533980582
2) 0.8155339805825242
3) 0.7572815533980582
4) 0.8058252427184466
5) 0.7572815533980582
6) 0.7864077669902912
7) 0.7475728155339806
8) 0.7378640776699029
9) 0.8058252427184466
10) 0.7961165048543689
11) 0.7961165048543689
12) 0.7378640776699029
13) 0.8058252427184466
14) 0.7961165048543689
15) 0.7961165048543689
16) 0.7766990291262136

test accuracy: average 0.5972850678733032
0) 0.5769230769230769
1) 0.5
2) 0.4230769230769231
3) 0.6538461538461539
4) 0.5769230769230769
5) 0.7307692307692307
6) 0.6153846153846154
7) 0.5384615384615384
8) 0.6923076923076923
9) 0.5
10) 0.7692307692307693
11) 0.5384615384615384
12) 0.6538461538461539
13) 0.6153846153846154
14) 0.5769230769230769
15) 0.6153846153846154
16) 0.5769230769230769
