train_auc: 0.608017708030942
test_auc: 0.4108972194078577
train_rho: 0.12734943656701075
test_rho: -0.11189007770557415

train accuracy:
0.9072164948453608
0.3402061855670103
0.27835051546391754
0.7525773195876289
0.4020618556701031
0.9072164948453608
0.7216494845360825
0.5567010309278351
0.7628865979381443
0.6907216494845361
0.5670103092783505
0.5876288659793815
0.14432989690721648
0.30927835051546393
0.6082474226804123
0.7422680412371134
0.4845360824742268

test accuracy:
0.88
0.24
0.44
0.8
0.24
0.88
0.56
0.44
0.72
0.56
0.44
0.32
0.0
0.24
0.36
0.64
0.44
