train_auc:               precision    recall  f1-score   support

           0       0.53      0.71      0.61       298
           1       0.56      0.36      0.44       247
           2       0.50      0.66      0.57       315
           3       0.60      0.23      0.33       180

   micro avg       0.53      0.53      0.53      1040
   macro avg       0.55      0.49      0.49      1040
weighted avg       0.54      0.53      0.51      1040

test_auc:               precision    recall  f1-score   support

           0       0.44      0.62      0.52        37
           1       0.35      0.18      0.24        33
           2       0.46      0.53      0.49        40
           3       0.00      0.00      0.00        10

   micro avg       0.42      0.42      0.42       120
   macro avg       0.31      0.33      0.31       120
weighted avg       0.39      0.42      0.39       120

train_rho: 0.44453811423447054
test_rho: 0.27955301820534506

train accuracy:
0.5240384615384616
0.5576923076923077
0.5144230769230769
0.5288461538461539
0.5288461538461539

test accuracy:
0.4583333333333333
0.5
0.4583333333333333
0.2916666666666667
0.375
