train_auc: 0.5166890734783374
test_auc: 0.4328863250424533
train_rho: 0.03205518043528088
test_rho: -0.12662034291478752

train accuracy:
0.6494845360824743
0.36082474226804123
0.36082474226804123
0.6907216494845361
0.6597938144329897
0.6494845360824743
0.6494845360824743
0.4020618556701031
0.38144329896907214
0.36082474226804123
0.6701030927835051
0.36082474226804123
0.3711340206185567
0.6494845360824743
0.6494845360824743
0.3917525773195876
0.36082474226804123

test accuracy:
0.64
0.32
0.32
0.48
0.6
0.64
0.64
0.16
0.24
0.32
0.56
0.32
0.28
0.64
0.64
0.2
0.32
