train_auc: 0.6018421913544771
test_auc: 0.4371069182389937
train_rho: 0.1275926948598255
test_rho: -0.089264010034692

train accuracy:
0.9381443298969072
0.13402061855670103
0.9072164948453608
0.38144329896907214
0.9175257731958762
0.23711340206185566
0.8865979381443299
0.9381443298969072
0.9278350515463918
0.9278350515463918
0.9175257731958762
0.16494845360824742
0.41237113402061853
0.9381443298969072
0.9072164948453608
0.30927835051546393
0.9381443298969072

test accuracy:
0.8
0.08
0.88
0.28
0.88
0.24
0.8
0.8
0.8
0.8
0.88
0.04
0.32
0.76
0.92
0.28
0.8
