train_auc: 0.9166138237159163
test_auc: 0.34341172079133997
train_rho: 0.30954169047229996
test_rho: -0.11002102859849433

train accuracy: average 0.7635410599883518
0) 0.7425742574257426
1) 0.6831683168316832
2) 0.7425742574257426
3) 0.6633663366336634
4) 0.8514851485148515
5) 0.7821782178217822
6) 0.6534653465346535
7) 0.8415841584158416
8) 0.8712871287128713
9) 0.6831683168316832
10) 0.7920792079207921
11) 0.6732673267326733
12) 0.801980198019802
13) 0.7920792079207921
14) 0.8118811881188119
15) 0.7722772277227723
16) 0.8217821782178217

test accuracy: average 0.6493212669683257
0) 0.8461538461538461
1) 0.5769230769230769
2) 0.5384615384615384
3) 0.6923076923076923
4) 0.6153846153846154
5) 0.46153846153846156
6) 0.5384615384615384
7) 0.5769230769230769
8) 0.8076923076923077
9) 0.5384615384615384
10) 0.6538461538461539
11) 0.6923076923076923
12) 0.6538461538461539
13) 0.7692307692307693
14) 0.8076923076923077
15) 0.6153846153846154
16) 0.6538461538461539
