train_auc: 0.728857516094329
test_auc: 0.5529381965552178
train_rho: 0.27339936092521083
test_rho: 0.06735680723287814

train accuracy:
0.5979381443298969
0.6082474226804123
0.5360824742268041
0.7938144329896907
0.6391752577319587
0.6082474226804123
0.7319587628865979
0.6701030927835051
0.8762886597938144
0.6082474226804123
0.7319587628865979
0.5979381443298969
0.5051546391752577
0.6701030927835051
0.6494845360824743
0.7525773195876289
0.5360824742268041

test accuracy:
0.52
0.64
0.48
0.76
0.48
0.56
0.6
0.68
0.44
0.6
0.48
0.6
0.48
0.72
0.64
0.76
0.52
