train_auc: 0.6155107778819119
test_auc: 0.5916861200272348
train_rho: 0.22988859071099357
test_rho: 0.18081809318057254

train accuracy:
0.5773195876288659
0.5773195876288659
0.5463917525773195
0.5876288659793815
0.5567010309278351
0.5567010309278351
0.5670103092783505
0.6082474226804123
0.5154639175257731
0.5876288659793815
0.5360824742268041
0.5463917525773195
0.5773195876288659
0.5567010309278351
0.5567010309278351
0.5567010309278351
0.5876288659793815

test accuracy:
0.48
0.56
0.6
0.44
0.56
0.56
0.52
0.56
0.72
0.44
0.64
0.6
0.48
0.56
0.56
0.56
0.44
