train_auc: 0.5193512913836392
test_auc: 0.4271085194140236
train_rho: 0.04044604262953448
test_rho: -0.15462343170490123

train accuracy:
0.6494845360824743
0.6494845360824743
0.6494845360824743
0.711340206185567
0.3711340206185567
0.6494845360824743
0.6494845360824743
0.6494845360824743
0.3711340206185567
0.6907216494845361
0.3711340206185567
0.41237113402061853
0.6597938144329897
0.6494845360824743
0.6701030927835051
0.36082474226804123
0.7010309278350515

test accuracy:
0.64
0.64
0.64
0.4
0.28
0.64
0.64
0.64
0.28
0.48
0.28
0.12
0.6
0.64
0.56
0.32
0.44
