train_auc: 0.8756781795169561
test_auc: 0.7815181112680958
train_rho: 0.6506470021932239
test_rho: 0.48758495246685973

train accuracy: average 0.7955454026270702
0) 0.7864077669902912
1) 0.7961165048543689
2) 0.7961165048543689
3) 0.8252427184466019
4) 0.7864077669902912
5) 0.7766990291262136
6) 0.7864077669902912
7) 0.7864077669902912
8) 0.7766990291262136
9) 0.8252427184466019
10) 0.8058252427184466
11) 0.7864077669902912
12) 0.7961165048543689
13) 0.7766990291262136
14) 0.7864077669902912
15) 0.8446601941747572
16) 0.7864077669902912

test accuracy: average 0.7262443438914028
0) 0.7692307692307693
1) 0.6923076923076923
2) 0.7692307692307693
3) 0.6538461538461539
4) 0.8461538461538461
5) 0.8076923076923077
6) 0.7307692307692307
7) 0.8076923076923077
8) 0.6538461538461539
9) 0.6153846153846154
10) 0.5769230769230769
11) 0.7307692307692307
12) 0.8461538461538461
13) 0.7307692307692307
14) 0.7307692307692307
15) 0.6538461538461539
16) 0.7307692307692307
