train_auc: 0.6717415853569368
test_auc: 0.4250985992112063
train_rho: 0.2069746503091343
test_rho: -0.08644363396974436

train accuracy:
0.36082474226804123
0.6288659793814433
0.7010309278350515
0.8144329896907216
0.41237113402061853
0.8762886597938144
0.5979381443298969
0.28865979381443296
0.7938144329896907
0.4845360824742268
0.6082474226804123
0.8865979381443299
0.6701030927835051
0.4329896907216495
0.5670103092783505
0.422680412371134
0.36082474226804123

test accuracy:
0.16
0.68
0.64
0.68
0.16
0.8
0.76
0.16
0.72
0.4
0.6
0.72
0.56
0.56
0.6
0.52
0.4
