train_auc: 0.5442219330377225
test_auc: 0.41953896008248637
train_rho: 0.08470022804825601
test_rho: -0.15293465071937232

train accuracy:
0.6701030927835051
0.6907216494845361
0.3917525773195876
0.38144329896907214
0.6907216494845361
0.6804123711340206
0.6701030927835051
0.38144329896907214
0.4329896907216495
0.6804123711340206
0.41237113402061853
0.6907216494845361
0.6804123711340206
0.3917525773195876
0.3711340206185567
0.3917525773195876
0.6804123711340206

test accuracy:
0.6
0.56
0.28
0.32
0.64
0.6
0.6
0.24
0.32
0.56
0.24
0.52
0.6
0.2
0.28
0.24
0.56
