train_auc: 0.7317416542123212
test_auc: 0.5469385162601627
train_rho: 0.2811964531759085
test_rho: 0.05569142347942719

train accuracy:
0.6804123711340206
0.7731958762886598
0.5773195876288659
0.5773195876288659
0.7938144329896907
0.6701030927835051
0.5463917525773195
0.6185567010309279
0.6391752577319587
0.5567010309278351
0.711340206185567
0.7835051546391752
0.5463917525773195
0.5360824742268041
0.6804123711340206
0.6804123711340206
0.7525773195876289

test accuracy:
0.6
0.52
0.6
0.52
0.72
0.4
0.4
0.44
0.56
0.68
0.56
0.68
0.48
0.44
0.56
0.64
0.64
