train_auc: 0.8275447226607863
test_auc: 0.7416917501075004
train_rho: 0.5672833917516165
test_rho: 0.41860631970342793

train accuracy: average 0.7332952598515134
0) 0.6990291262135923
1) 0.7669902912621359
2) 0.7378640776699029
3) 0.7766990291262136
4) 0.7184466019417476
5) 0.6796116504854369
6) 0.7669902912621359
7) 0.6990291262135923
8) 0.7572815533980582
9) 0.7378640776699029
10) 0.7378640776699029
11) 0.7378640776699029
12) 0.7669902912621359
13) 0.7087378640776699
14) 0.6990291262135923
15) 0.7281553398058253
16) 0.7475728155339806

test accuracy: average 0.6538461538461537
0) 0.6923076923076923
1) 0.6153846153846154
2) 0.6923076923076923
3) 0.7692307692307693
4) 0.6923076923076923
5) 0.6923076923076923
6) 0.6923076923076923
7) 0.6538461538461539
8) 0.7307692307692307
9) 0.5384615384615384
10) 0.6153846153846154
11) 0.5384615384615384
12) 0.7307692307692307
13) 0.5384615384615384
14) 0.7307692307692307
15) 0.5
16) 0.6923076923076923
