train_auc: 0.6263113088372605
test_auc: 0.5696486928104575
train_rho: 0.2466558744113021
test_rho: 0.14012817236138006

train accuracy:
0.5154639175257731
0.5670103092783505
0.5670103092783505
0.5567010309278351
0.5670103092783505
0.5567010309278351
0.5979381443298969
0.5463917525773195
0.6597938144329897
0.7010309278350515
0.5567010309278351
0.6185567010309279
0.5670103092783505
0.5463917525773195
0.5876288659793815
0.6185567010309279
0.5876288659793815

test accuracy:
0.72
0.52
0.64
0.56
0.52
0.56
0.4
0.6
0.52
0.44
0.56
0.32
0.52
0.6
0.52
0.44
0.44
