train_auc: 0.6491398982768957
test_auc: 0.5066666666666666
train_rho: 0.28567060608862876
test_rho: 0.012759175079650222

train accuracy:
0.5567010309278351
0.6391752577319587
0.5670103092783505
0.5979381443298969
0.6907216494845361
0.6701030927835051
0.6288659793814433
0.6391752577319587
0.7216494845360825
0.5876288659793815
0.4948453608247423
0.6804123711340206
0.5670103092783505
0.6804123711340206
0.6185567010309279
0.6494845360824743
0.6494845360824743

test accuracy:
0.44
0.6
0.56
0.44
0.52
0.52
0.56
0.52
0.4
0.52
0.36
0.6
0.36
0.52
0.52
0.4
0.64
