train_auc: 0.5311462684656136
test_auc: 0.39988512636100293
train_rho: 0.06541599979046919
test_rho: -0.20596211032948378

train accuracy:
0.36082474226804123
0.3711340206185567
0.38144329896907214
0.38144329896907214
0.6701030927835051
0.4329896907216495
0.6701030927835051
0.711340206185567
0.41237113402061853
0.38144329896907214
0.6804123711340206
0.7010309278350515
0.3711340206185567
0.38144329896907214
0.3711340206185567
0.36082474226804123
0.36082474226804123

test accuracy:
0.32
0.28
0.24
0.24
0.52
0.24
0.56
0.44
0.12
0.28
0.52
0.56
0.28
0.28
0.32
0.32
0.32
