train_auc: 0.7585876575190912
test_auc: 0.6128246753246753
train_rho: 0.4260997644790849
test_rho: 0.18622164637490426

train accuracy: average 0.691322073383809
0) 0.7425742574257426
1) 0.6435643564356436
2) 0.7227722772277227
3) 0.6831683168316832
4) 0.7128712871287128
5) 0.6633663366336634
6) 0.6633663366336634
7) 0.6831683168316832
8) 0.6831683168316832
9) 0.6633663366336634
10) 0.7425742574257426
11) 0.693069306930693
12) 0.693069306930693
13) 0.7029702970297029
14) 0.6534653465346535
15) 0.693069306930693
16) 0.7128712871287128

test accuracy: average 0.5972850678733032
0) 0.5384615384615384
1) 0.6923076923076923
2) 0.5384615384615384
3) 0.6153846153846154
4) 0.5769230769230769
5) 0.6538461538461539
6) 0.7307692307692307
7) 0.5769230769230769
8) 0.5769230769230769
9) 0.6923076923076923
10) 0.4230769230769231
11) 0.6153846153846154
12) 0.5
13) 0.5384615384615384
14) 0.7307692307692307
15) 0.5769230769230769
16) 0.5769230769230769
