train_auc: 0.6377498175074477
test_auc: 0.5425310253239914
train_rho: 0.26200949450384575
test_rho: 0.08436374458224456

train accuracy:
0.5567010309278351
0.5567010309278351
0.5670103092783505
0.711340206185567
0.5567010309278351
0.6701030927835051
0.6082474226804123
0.6494845360824743
0.6391752577319587
0.5463917525773195
0.5567010309278351
0.5463917525773195
0.5567010309278351
0.6391752577319587
0.5876288659793815
0.6701030927835051
0.6907216494845361

test accuracy:
0.56
0.56
0.52
0.48
0.56
0.44
0.36
0.48
0.6
0.6
0.52
0.6
0.56
0.44
0.44
0.68
0.6
