train_auc: 0.7068145567494962
test_auc: 0.5522548317823908
train_rho: 0.2480406586822482
test_rho: 0.06397594370944008

train accuracy:
0.5773195876288659
0.4329896907216495
0.6288659793814433
0.711340206185567
0.5979381443298969
0.6391752577319587
0.5257731958762887
0.4639175257731959
0.7422680412371134
0.6701030927835051
0.8144329896907216
0.7216494845360825
0.8350515463917526
0.5773195876288659
0.6082474226804123
0.7422680412371134
0.5360824742268041

test accuracy:
0.56
0.48
0.4
0.6
0.52
0.64
0.24
0.48
0.72
0.52
0.76
0.56
0.72
0.6
0.48
0.72
0.48
