train_auc: 0.6622578194250982
test_auc: 0.393859649122807
train_rho: 0.19214474703823906
test_rho: -0.13112989544481654

train accuracy:
0.5051546391752577
0.5257731958762887
0.21649484536082475
0.8350515463917526
0.7010309278350515
0.5051546391752577
0.21649484536082475
0.9072164948453608
0.5773195876288659
0.5360824742268041
0.21649484536082475
0.7938144329896907
0.4845360824742268
0.422680412371134
0.8969072164948454
0.9175257731958762
0.7319587628865979

test accuracy:
0.32
0.4
0.2
0.76
0.56
0.44
0.2
0.8
0.52
0.48
0.12
0.72
0.48
0.32
0.8
0.72
0.56
