train_auc: 0.6633659469185785
test_auc: 0.5338660578386606
train_rho: 0.3146735560477938
test_rho: 0.06514470202048869

train accuracy:
0.6804123711340206
0.7319587628865979
0.5773195876288659
0.5567010309278351
0.5876288659793815
0.5876288659793815
0.6082474226804123
0.6391752577319587
0.6185567010309279
0.711340206185567
0.6185567010309279
0.6907216494845361
0.5463917525773195
0.5876288659793815
0.6288659793814433
0.6597938144329897
0.7319587628865979

test accuracy:
0.64
0.56
0.48
0.6
0.44
0.48
0.36
0.36
0.36
0.52
0.6
0.64
0.6
0.44
0.36
0.64
0.52
