train_auc: 0.8910959172223017
test_auc: 0.7445174765034707
train_rho: 0.6773493910077223
test_rho: 0.42350043349332694

train accuracy: average 0.817818389491719
0) 0.7864077669902912
1) 0.8349514563106796
2) 0.7864077669902912
3) 0.8252427184466019
4) 0.7961165048543689
5) 0.8252427184466019
6) 0.7864077669902912
7) 0.8252427184466019
8) 0.8252427184466019
9) 0.8349514563106796
10) 0.8349514563106796
11) 0.8446601941747572
12) 0.8252427184466019
13) 0.7961165048543689
14) 0.7864077669902912
15) 0.883495145631068
16) 0.8058252427184466

test accuracy: average 0.6968325791855204
0) 0.6923076923076923
1) 0.6538461538461539
2) 0.8461538461538461
3) 0.5
4) 0.7692307692307693
5) 0.8076923076923077
6) 0.7307692307692307
7) 0.6923076923076923
8) 0.6923076923076923
9) 0.5769230769230769
10) 0.6153846153846154
11) 0.7692307692307693
12) 0.8461538461538461
13) 0.6923076923076923
14) 0.6923076923076923
15) 0.5384615384615384
16) 0.7307692307692307
