train_auc: 0.7288537598361806
test_auc: 0.45020325203252026
train_rho: 0.28072779486891797
test_rho: -0.05985014347485966

train accuracy:
0.711340206185567
0.6907216494845361
0.6082474226804123
0.6804123711340206
0.7525773195876289
0.5979381443298969
0.4948453608247423
0.6288659793814433
0.5979381443298969
0.7010309278350515
0.6185567010309279
0.7938144329896907
0.8762886597938144
0.8247422680412371
0.4845360824742268
0.8762886597938144
0.5154639175257731

test accuracy:
0.56
0.6
0.6
0.52
0.64
0.64
0.44
0.6
0.48
0.52
0.44
0.52
0.76
0.56
0.48
0.68
0.44
