train_auc: 0.5104456435246381
test_auc: 0.46250629665247056
train_rho: 0.025918372882675678
test_rho: -0.09672420427396211

train accuracy:
0.6597938144329897
0.6701030927835051
0.36082474226804123
0.711340206185567
0.6701030927835051
0.6701030927835051
0.6494845360824743
0.6494845360824743
0.6494845360824743
0.6701030927835051
0.6597938144329897
0.36082474226804123
0.6701030927835051
0.6494845360824743
0.3711340206185567
0.6701030927835051
0.7010309278350515

test accuracy:
0.6
0.56
0.32
0.4
0.56
0.56
0.64
0.64
0.64
0.56
0.6
0.32
0.56
0.64
0.28
0.56
0.44
