train_auc: 0.6164022177934488
test_auc: 0.5964626571731556
train_rho: 0.23229640869442844
test_rho: 0.1871770011220114

train accuracy:
0.5463917525773195
0.5360824742268041
0.5876288659793815
0.5567010309278351
0.5773195876288659
0.6082474226804123
0.5567010309278351
0.5670103092783505
0.5360824742268041
0.5567010309278351
0.5567010309278351
0.6494845360824743
0.5876288659793815
0.5876288659793815
0.5567010309278351
0.5463917525773195
0.5567010309278351

test accuracy:
0.6
0.64
0.44
0.56
0.48
0.36
0.56
0.52
0.72
0.56
0.56
0.56
0.44
0.44
0.56
0.6
0.56
