train_auc: 0.6226692914646053
test_auc: 0.5763909699330736
train_rho: 0.23763186695002808
test_rho: 0.14642573892725902

train accuracy:
0.5463917525773195
0.5670103092783505
0.5463917525773195
0.5670103092783505
0.7010309278350515
0.5463917525773195
0.6185567010309279
0.7010309278350515
0.5876288659793815
0.5876288659793815
0.5773195876288659
0.6494845360824743
0.6804123711340206
0.5670103092783505
0.5773195876288659
0.5360824742268041
0.5154639175257731

test accuracy:
0.6
0.48
0.6
0.52
0.6
0.6
0.56
0.44
0.44
0.4
0.48
0.48
0.56
0.52
0.48
0.64
0.72
