train_auc: 0.5426573221224904
test_auc: 0.4476689976689977
train_rho: 0.08416434554337167
test_rho: -0.1058228017653687

train accuracy:
0.6494845360824743
0.6494845360824743
0.6288659793814433
0.3917525773195876
0.4020618556701031
0.6804123711340206
0.6907216494845361
0.6597938144329897
0.6907216494845361
0.6804123711340206
0.6907216494845361
0.41237113402061853
0.6907216494845361
0.6701030927835051
0.5051546391752577
0.3917525773195876
0.3917525773195876

test accuracy:
0.72
0.6
0.56
0.32
0.28
0.56
0.52
0.64
0.44
0.52
0.52
0.32
0.52
0.6
0.48
0.28
0.28
