train_auc: 0.806589801855012
test_auc: 0.4668036112801785
train_rho: 0.4195753505898151
test_rho: -0.04569830315554351

train accuracy:
0.8865979381443299
0.7216494845360825
0.7216494845360825
0.8556701030927835
0.8041237113402062
0.711340206185567
0.8969072164948454
0.8865979381443299
0.9072164948453608
0.7938144329896907
0.8144329896907216
0.7835051546391752
0.8041237113402062
0.9278350515463918
0.7525773195876289
0.8041237113402062
0.8969072164948454

test accuracy:
0.72
0.28
0.68
0.64
0.64
0.44
0.72
0.48
0.8
0.56
0.48
0.48
0.52
0.68
0.4
0.72
0.8
