train_auc:               precision    recall  f1-score   support

           0       0.66      0.74      0.70       299
           1       0.57      0.50      0.54       255
           2       0.58      0.59      0.59       317
           3       0.50      0.47      0.48       169

   micro avg       0.59      0.59      0.59      1040
   macro avg       0.58      0.58      0.58      1040
weighted avg       0.59      0.59      0.59      1040

test_auc:               precision    recall  f1-score   support

           0       0.51      0.64      0.57        36
           1       0.44      0.48      0.46        25
           2       0.52      0.39      0.45        38
           3       0.21      0.19      0.20        21

   micro avg       0.45      0.45      0.45       120
   macro avg       0.42      0.43      0.42       120
weighted avg       0.45      0.45      0.44       120

train_rho: 0.5458990118363947
test_rho: 0.2732882478762484

train accuracy:
0.6201923076923077
0.5721153846153846
0.6057692307692307
0.5865384615384616
0.5769230769230769

test accuracy:
0.375
0.5833333333333334
0.4166666666666667
0.5416666666666666
0.3333333333333333
