train_auc: 0.5564343384412589
test_auc: 0.41947808535178777
train_rho: 0.09327647818852348
test_rho: -0.1338896960311204

train accuracy: average 0.5791388720436628
0) 0.3917525773195876
1) 0.6701030927835051
2) 0.6597938144329897
3) 0.38144329896907214
4) 0.4020618556701031
5) 0.6494845360824743
6) 0.6597938144329897
7) 0.6494845360824743
8) 0.6597938144329897
9) 0.6597938144329897
10) 0.6597938144329897
11) 0.6701030927835051
12) 0.6597938144329897
13) 0.6701030927835051
14) 0.3711340206185567
15) 0.6494845360824743
16) 0.38144329896907214

test accuracy: average 0.4988235294117647
0) 0.2
1) 0.56
2) 0.6
3) 0.28
4) 0.28
5) 0.64
6) 0.6
7) 0.64
8) 0.6
9) 0.6
10) 0.6
11) 0.56
12) 0.6
13) 0.56
14) 0.28
15) 0.64
16) 0.24
