train_auc: 0.5765227659691328
test_auc: 0.4624183006535948
train_rho: 0.14623101105927244
test_rho: -0.07230291704861773

train accuracy:
0.6185567010309279
0.5463917525773195
0.5051546391752577
0.4536082474226804
0.5876288659793815
0.4329896907216495
0.6804123711340206
0.5051546391752577
0.44329896907216493
0.4639175257731959
0.5051546391752577
0.6082474226804123
0.6391752577319587
0.6494845360824743
0.6701030927835051
0.5670103092783505
0.6804123711340206

test accuracy:
0.48
0.32
0.4
0.36
0.48
0.48
0.52
0.4
0.2
0.52
0.32
0.64
0.52
0.64
0.6
0.36
0.52
