train_auc: 0.5268144898579681
test_auc: 0.426
train_rho: 0.03277155467850366
test_rho: -0.09993432334096514

train accuracy:
0.14432989690721648
0.1134020618556701
0.9072164948453608
0.1134020618556701
0.9072164948453608
0.9072164948453608
0.1134020618556701
0.9175257731958762
0.1134020618556701
0.9072164948453608
0.9072164948453608
0.9175257731958762
0.9381443298969072
0.12371134020618557
0.9175257731958762
0.9072164948453608
0.9072164948453608

test accuracy:
0.08
0.08
0.88
0.08
0.88
0.88
0.12
0.84
0.08
0.88
0.88
0.84
0.76
0.04
0.84
0.88
0.88
