train_auc: 0.5558511755336506
test_auc: 0.4194300269127259
train_rho: 0.09231260789723802
test_rho: -0.13396960632418584

train accuracy: average 0.5761067313523347
0) 0.3917525773195876
1) 0.6701030927835051
2) 0.6597938144329897
3) 0.3711340206185567
4) 0.36082474226804123
5) 0.6494845360824743
6) 0.6597938144329897
7) 0.6494845360824743
8) 0.6597938144329897
9) 0.6597938144329897
10) 0.6597938144329897
11) 0.6701030927835051
12) 0.6597938144329897
13) 0.6701030927835051
14) 0.3711340206185567
15) 0.6494845360824743
16) 0.38144329896907214

test accuracy: average 0.5011764705882353
0) 0.2
1) 0.56
2) 0.6
3) 0.28
4) 0.32
5) 0.64
6) 0.6
7) 0.64
8) 0.6
9) 0.6
10) 0.6
11) 0.56
12) 0.6
13) 0.56
14) 0.28
15) 0.64
16) 0.24
