train_auc:               precision    recall  f1-score   support

           0       0.64      0.73      0.68       300
           1       0.59      0.44      0.51       250
           2       0.60      0.66      0.63       322
           3       0.59      0.54      0.56       168

   micro avg       0.61      0.61      0.61      1040
   macro avg       0.60      0.59      0.59      1040
weighted avg       0.61      0.61      0.60      1040

test_auc:               precision    recall  f1-score   support

           0       0.51      0.57      0.54        35
           1       0.25      0.23      0.24        30
           2       0.38      0.42      0.40        33
           3       0.31      0.23      0.26        22

   micro avg       0.38      0.38      0.38       120
   macro avg       0.36      0.36      0.36       120
weighted avg       0.37      0.38      0.38       120

train_rho: 0.5512443280817645
test_rho: 0.33774977798443717

train accuracy:
0.5961538461538461
0.5673076923076923
0.6682692307692307
0.5913461538461539
0.6153846153846154

test accuracy:
0.4166666666666667
0.4166666666666667
0.20833333333333334
0.5416666666666666
0.3333333333333333
