train_auc: 0.7754162896645872
test_auc: 0.46259907740143236
train_rho: 0.43246812681652036
test_rho: -0.058063027626769195

train accuracy: average 0.6773272415762421
0) 0.6407766990291263
1) 0.7087378640776699
2) 0.6699029126213593
3) 0.6504854368932039
4) 0.6796116504854369
5) 0.6990291262135923
6) 0.7087378640776699
7) 0.6601941747572816
8) 0.6504854368932039
9) 0.7087378640776699
10) 0.7184466019417476
11) 0.6213592233009708
12) 0.6407766990291263
13) 0.7281553398058253
14) 0.6796116504854369
15) 0.6796116504854369
16) 0.6699029126213593

test accuracy: average 0.48416289592760176
0) 0.5384615384615384
1) 0.46153846153846156
2) 0.5384615384615384
3) 0.46153846153846156
4) 0.34615384615384615
5) 0.38461538461538464
6) 0.38461538461538464
7) 0.6153846153846154
8) 0.5384615384615384
9) 0.5384615384615384
10) 0.4230769230769231
11) 0.38461538461538464
12) 0.6153846153846154
13) 0.5
14) 0.5
15) 0.5384615384615384
16) 0.46153846153846156
