train_auc: 0.7031970986773689
test_auc: 0.4587513592252929
train_rho: 0.35170517774741045
test_rho: -0.07137174662266708

train accuracy: average 0.6436322101656196
0) 0.6601941747572816
1) 0.6504854368932039
2) 0.6310679611650486
3) 0.6699029126213593
4) 0.6601941747572816
5) 0.5922330097087378
6) 0.6310679611650486
7) 0.6699029126213593
8) 0.6601941747572816
9) 0.6407766990291263
10) 0.6601941747572816
11) 0.6601941747572816
12) 0.6796116504854369
13) 0.6699029126213593
14) 0.6116504854368932
15) 0.6213592233009708
16) 0.5728155339805825

test accuracy: average 0.4683257918552036
0) 0.34615384615384615
1) 0.5
2) 0.5
3) 0.46153846153846156
4) 0.46153846153846156
5) 0.5384615384615384
6) 0.38461538461538464
7) 0.5
8) 0.4230769230769231
9) 0.5
10) 0.4230769230769231
11) 0.34615384615384615
12) 0.4230769230769231
13) 0.6538461538461539
14) 0.5384615384615384
15) 0.5769230769230769
16) 0.38461538461538464
