train_auc: 0.526239907727797
test_auc: 0.40298202614379075
train_rho: 0.05090066860010579
test_rho: -0.18924452981127896

train accuracy:
0.38144329896907214
0.6597938144329897
0.6701030927835051
0.41237113402061853
0.3917525773195876
0.7010309278350515
0.6804123711340206
0.36082474226804123
0.6701030927835051
0.3711340206185567
0.6597938144329897
0.6597938144329897
0.6597938144329897
0.6804123711340206
0.6494845360824743
0.3711340206185567
0.38144329896907214

test accuracy:
0.24
0.6
0.56
0.12
0.2
0.44
0.52
0.32
0.56
0.28
0.6
0.6
0.6
0.52
0.64
0.28
0.32
