train_auc: 0.6893799333080073
test_auc: 0.4839181286549708
train_rho: 0.22361133869795605
test_rho: -0.019805069162032944

train accuracy:
0.8144329896907216
0.5154639175257731
0.4948453608247423
0.6701030927835051
0.5773195876288659
0.4020618556701031
0.7216494845360825
0.4948453608247423
0.845360824742268
0.5979381443298969
0.7525773195876289
0.4742268041237113
0.422680412371134
0.4639175257731959
0.5463917525773195
0.44329896907216493
0.4639175257731959

test accuracy:
0.68
0.36
0.44
0.52
0.4
0.52
0.64
0.28
0.76
0.36
0.68
0.32
0.56
0.36
0.52
0.28
0.48
