train_auc: 0.6973159916169711
test_auc: 0.5600198412698412
train_rho: 0.3251365450407905
test_rho: 0.09906515240807257

train accuracy: average 0.6587070471753058
0) 0.6534653465346535
1) 0.6435643564356436
2) 0.6534653465346535
3) 0.6831683168316832
4) 0.6732673267326733
5) 0.6534653465346535
6) 0.6336633663366337
7) 0.6435643564356436
8) 0.6633663366336634
9) 0.6237623762376238
10) 0.693069306930693
11) 0.6336633663366337
12) 0.6831683168316832
13) 0.6534653465346535
14) 0.6831683168316832
15) 0.6732673267326733
16) 0.6534653465346535

test accuracy: average 0.5452488687782806
0) 0.5769230769230769
1) 0.5769230769230769
2) 0.5769230769230769
3) 0.5
4) 0.5
5) 0.5
6) 0.6153846153846154
7) 0.5384615384615384
8) 0.5769230769230769
9) 0.5
10) 0.46153846153846156
11) 0.6153846153846154
12) 0.5384615384615384
13) 0.5384615384615384
14) 0.5384615384615384
15) 0.6153846153846154
16) 0.5
