train_auc: 0.6176068884560147
test_auc: 0.5697368421052631
train_rho: 0.2339488224577861
test_rho: 0.13803848726356405

train accuracy:
0.5773195876288659
0.5567010309278351
0.5773195876288659
0.5257731958762887
0.5670103092783505
0.5773195876288659
0.5876288659793815
0.5670103092783505
0.5670103092783505
0.5670103092783505
0.6082474226804123
0.5567010309278351
0.5773195876288659
0.6082474226804123
0.5567010309278351
0.5670103092783505
0.5567010309278351

test accuracy:
0.52
0.52
0.48
0.68
0.52
0.48
0.44
0.52
0.52
0.52
0.4
0.56
0.48
0.36
0.56
0.52
0.56
