train_auc: 0.5358629947590109
test_auc: 0.35896886603827477
train_rho: 0.04514541847361335
test_rho: -0.16434597344940774

train accuracy:
0.13402061855670103
0.9072164948453608
0.12371134020618557
0.9175257731958762
0.12371134020618557
0.9175257731958762
0.1134020618556701
0.1134020618556701
0.9278350515463918
0.14432989690721648
0.14432989690721648
0.1134020618556701
0.12371134020618557
0.9072164948453608
0.1134020618556701
0.9072164948453608
0.12371134020618557

test accuracy:
0.0
0.88
0.0
0.84
0.04
0.84
0.04
0.08
0.8
0.08
0.08
0.08
0.04
0.88
0.04
0.88
0.08
