train_auc:               precision    recall  f1-score   support

           0       0.65      0.69      0.67       291
           1       0.58      0.56      0.57       250
           2       0.60      0.60      0.60       324
           3       0.53      0.51      0.52       175

   micro avg       0.60      0.60      0.60      1040
   macro avg       0.59      0.59      0.59      1040
weighted avg       0.60      0.60      0.60      1040

test_auc:               precision    recall  f1-score   support

           0       0.59      0.50      0.54        44
           1       0.38      0.40      0.39        30
           2       0.43      0.52      0.47        31
           3       0.57      0.53      0.55        15

   micro avg       0.48      0.48      0.48       120
   macro avg       0.49      0.49      0.49       120
weighted avg       0.49      0.48      0.49       120

train_rho: 0.5353816979411177
test_rho: 0.39223956977317376

train accuracy:
0.5721153846153846
0.5913461538461539
0.6298076923076923
0.6057692307692307
0.5913461538461539

test accuracy:
0.5833333333333334
0.4166666666666667
0.375
0.4583333333333333
0.5833333333333334
