train_auc: 0.6846606223964715
test_auc: 0.5521123953766441
train_rho: 0.22575661171930655
test_rho: 0.06135953704658014

train accuracy:
0.6391752577319587
0.44329896907216493
0.5670103092783505
0.5979381443298969
0.422680412371134
0.422680412371134
0.4536082474226804
0.41237113402061853
0.4742268041237113
0.4639175257731959
0.4329896907216495
0.4742268041237113
0.711340206185567
0.4948453608247423
0.4742268041237113
0.44329896907216493
0.41237113402061853

test accuracy:
0.4
0.4
0.48
0.56
0.48
0.48
0.44
0.52
0.28
0.48
0.44
0.36
0.44
0.48
0.28
0.4
0.52
