train_auc: 0.8756637572246794
test_auc: 0.7475835517693317
train_rho: 0.6506559807078339
test_rho: 0.42878887606903965

train accuracy: average 0.8041119360365506
0) 0.7961165048543689
1) 0.8252427184466019
2) 0.8155339805825242
3) 0.7961165048543689
4) 0.8446601941747572
5) 0.8155339805825242
6) 0.7864077669902912
7) 0.7961165048543689
8) 0.7961165048543689
9) 0.7766990291262136
10) 0.7961165048543689
11) 0.8155339805825242
12) 0.8252427184466019
13) 0.7766990291262136
14) 0.8058252427184466
15) 0.8058252427184466
16) 0.7961165048543689

test accuracy: average 0.6832579185520362
0) 0.7307692307692307
1) 0.6153846153846154
2) 0.6923076923076923
3) 0.6923076923076923
4) 0.6538461538461539
5) 0.5384615384615384
6) 0.8076923076923077
7) 0.7692307692307693
8) 0.6538461538461539
9) 0.7307692307692307
10) 0.6538461538461539
11) 0.6153846153846154
12) 0.7307692307692307
13) 0.7307692307692307
14) 0.6153846153846154
15) 0.6923076923076923
16) 0.6923076923076923
