train_auc: 0.6742729755390895
test_auc: 0.5624708624708625
train_rho: 0.33316801415270153
test_rho: 0.12441501854697279

train accuracy:
0.6185567010309279
0.6185567010309279
0.6597938144329897
0.6082474226804123
0.6082474226804123
0.6907216494845361
0.6391752577319587
0.6185567010309279
0.6701030927835051
0.6804123711340206
0.6597938144329897
0.6082474226804123
0.6597938144329897
0.6082474226804123
0.6804123711340206
0.6082474226804123
0.6288659793814433

test accuracy:
0.6
0.64
0.48
0.56
0.64
0.36
0.64
0.72
0.56
0.44
0.44
0.64
0.6
0.52
0.48
0.44
0.36
