train_auc: 0.5387195082973228
test_auc: 0.4107259646827992
train_rho: 0.07436148407355513
test_rho: -0.16758384818387978

train accuracy:
0.3917525773195876
0.6701030927835051
0.6597938144329897
0.36082474226804123
0.3917525773195876
0.6804123711340206
0.36082474226804123
0.4020618556701031
0.6804123711340206
0.41237113402061853
0.4020618556701031
0.7010309278350515
0.6701030927835051
0.38144329896907214
0.7010309278350515
0.6701030927835051
0.6701030927835051

test accuracy:
0.28
0.52
0.64
0.32
0.2
0.52
0.32
0.32
0.68
0.16
0.16
0.52
0.64
0.24
0.48
0.64
0.6
