train_auc: 0.7480100570560404
test_auc: 0.6017530487804879
train_rho: 0.30223321449242246
test_rho: 0.12150685114856091

train accuracy:
0.5154639175257731
0.5567010309278351
0.5567010309278351
0.5670103092783505
0.8350515463917526
0.5670103092783505
0.7422680412371134
0.7525773195876289
0.8144329896907216
0.5670103092783505
0.7731958762886598
0.7835051546391752
0.7525773195876289
0.7422680412371134
0.6804123711340206
0.5360824742268041
0.6288659793814433

test accuracy:
0.6
0.52
0.48
0.56
0.8
0.56
0.52
0.6
0.52
0.44
0.6
0.72
0.68
0.72
0.76
0.52
0.52
