train_auc: 0.6586343686698177
test_auc: 0.5629105969722936
train_rho: 0.195132533040498
test_rho: 0.07173180587091954

train accuracy:
0.4742268041237113
0.44329896907216493
0.4639175257731959
0.5979381443298969
0.44329896907216493
0.4948453608247423
0.3917525773195876
0.422680412371134
0.5876288659793815
0.4329896907216495
0.422680412371134
0.6597938144329897
0.4536082474226804
0.44329896907216493
0.4639175257731959
0.5670103092783505
0.5051546391752577

test accuracy:
0.28
0.4
0.32
0.36
0.4
0.4
0.68
0.52
0.52
0.36
0.52
0.72
0.36
0.4
0.32
0.52
0.24
