train_auc: 0.6168534130411447
test_auc: 0.39243521341463417
train_rho: 0.13953825773314685
test_rho: -0.12707035305307704

train accuracy:
0.29896907216494845
0.15463917525773196
0.8969072164948454
0.16494845360824742
0.9175257731958762
0.8144329896907216
0.6907216494845361
0.17525773195876287
0.8041237113402062
0.5567010309278351
0.5257731958762887
0.845360824742268
0.7731958762886598
0.4639175257731959
0.422680412371134
0.28865979381443296
0.5670103092783505

test accuracy:
0.16
0.08
0.84
0.16
0.84
0.72
0.72
0.16
0.8
0.52
0.24
0.6
0.68
0.44
0.4
0.2
0.48
