train_auc: 0.7690069499932158
test_auc: 0.5740147211600097
train_rho: 0.4420202586332719
test_rho: 0.12338252975265691

train accuracy: average 0.7006406523005242
0) 0.6831683168316832
1) 0.7029702970297029
2) 0.7524752475247525
3) 0.693069306930693
4) 0.6732673267326733
5) 0.7029702970297029
6) 0.7227722772277227
7) 0.7326732673267327
8) 0.6732673267326733
9) 0.6732673267326733
10) 0.6336633663366337
11) 0.7128712871287128
12) 0.7128712871287128
13) 0.6831683168316832
14) 0.693069306930693
15) 0.7524752475247525
16) 0.7128712871287128

test accuracy: average 0.5678733031674208
0) 0.6153846153846154
1) 0.6538461538461539
2) 0.5
3) 0.6153846153846154
4) 0.5769230769230769
5) 0.6538461538461539
6) 0.5769230769230769
7) 0.46153846153846156
8) 0.6153846153846154
9) 0.6538461538461539
10) 0.6538461538461539
11) 0.4230769230769231
12) 0.5769230769230769
13) 0.46153846153846156
14) 0.6538461538461539
15) 0.46153846153846156
16) 0.5
