train_auc: 0.5886544965247653
test_auc: 0.4696514423076923
train_rho: 0.1686830550638857
test_rho: -0.06016408522020256

train accuracy:
0.5773195876288659
0.6804123711340206
0.6907216494845361
0.5773195876288659
0.6288659793814433
0.6185567010309279
0.6288659793814433
0.5773195876288659
0.5670103092783505
0.6082474226804123
0.4948453608247423
0.5154639175257731
0.6082474226804123
0.7010309278350515
0.5257731958762887
0.4639175257731959
0.6185567010309279

test accuracy:
0.52
0.52
0.48
0.4
0.4
0.68
0.68
0.44
0.6
0.56
0.4
0.44
0.6
0.44
0.36
0.4
0.36
