train_auc: 0.6689178979180659
test_auc: 0.525113338105464
train_rho: 0.20041884599144852
test_rho: 0.03073269305777743

train accuracy:
0.8762886597938144
0.4639175257731959
0.4948453608247423
0.6391752577319587
0.4742268041237113
0.422680412371134
0.422680412371134
0.41237113402061853
0.7525773195876289
0.44329896907216493
0.422680412371134
0.5876288659793815
0.422680412371134
0.4536082474226804
0.6804123711340206
0.6597938144329897
0.4329896907216495

test accuracy:
0.72
0.36
0.36
0.6
0.4
0.52
0.48
0.56
0.64
0.4
0.48
0.48
0.48
0.36
0.36
0.4
0.44
