train_auc: 0.7440537723146419
test_auc: 0.5586666666666666
train_rho: 0.2889775045057611
test_rho: 0.07668484978628064

train accuracy:
0.7216494845360825
0.4536082474226804
0.6185567010309279
0.6391752577319587
0.7628865979381443
0.5979381443298969
0.5670103092783505
0.7938144329896907
0.6288659793814433
0.7010309278350515
0.5257731958762887
0.7216494845360825
0.8247422680412371
0.44329896907216493
0.7422680412371134
0.7525773195876289
0.6804123711340206

test accuracy:
0.68
0.52
0.68
0.44
0.68
0.68
0.4
0.76
0.52
0.64
0.64
0.56
0.48
0.4
0.68
0.68
0.56
