train_auc: 0.6110059557406723
test_auc: 0.4985421703882805
train_rho: 0.21582384135422328
test_rho: -0.0028496185988532642

train accuracy:
0.6494845360824743
0.6185567010309279
0.5567010309278351
0.6288659793814433
0.6185567010309279
0.6391752577319587
0.6391752577319587
0.44329896907216493
0.7010309278350515
0.6494845360824743
0.6288659793814433
0.6701030927835051
0.6907216494845361
0.6494845360824743
0.6288659793814433
0.6288659793814433
0.6907216494845361

test accuracy:
0.72
0.48
0.52
0.52
0.48
0.24
0.48
0.32
0.6
0.64
0.48
0.64
0.48
0.44
0.56
0.6
0.6
