train_auc: 0.6546425809735422
test_auc: 0.5713286713286714
train_rho: 0.2989873278355431
test_rho: 0.14484136487558028

train accuracy:
0.6288659793814433
0.5463917525773195
0.6185567010309279
0.5773195876288659
0.5567010309278351
0.6494845360824743
0.5773195876288659
0.5979381443298969
0.5979381443298969
0.6701030927835051
0.6597938144329897
0.6185567010309279
0.5773195876288659
0.5773195876288659
0.6804123711340206
0.6082474226804123
0.6288659793814433

test accuracy:
0.64
0.6
0.48
0.56
0.64
0.4
0.56
0.68
0.56
0.4
0.44
0.68
0.68
0.52
0.48
0.44
0.36
