train_auc: 0.6843153688000065
test_auc: 0.5566565040650406
train_rho: 0.221206024483946
test_rho: 0.06704348042527176

train accuracy:
0.44329896907216493
0.4020618556701031
0.6597938144329897
0.4329896907216495
0.5670103092783505
0.6288659793814433
0.5360824742268041
0.5257731958762887
0.4536082474226804
0.8350515463917526
0.44329896907216493
0.6597938144329897
0.41237113402061853
0.5876288659793815
0.4329896907216495
0.422680412371134
0.4742268041237113

test accuracy:
0.4
0.56
0.84
0.44
0.48
0.6
0.52
0.48
0.36
0.4
0.4
0.56
0.52
0.64
0.44
0.48
0.28
