train_auc: 0.6417246843040284
test_auc: 0.5143966636699631
train_rho: 0.27374392558626487
test_rho: 0.02737961601522711

train accuracy:
0.6597938144329897
0.5979381443298969
0.6391752577319587
0.6701030927835051
0.6804123711340206
0.6288659793814433
0.5979381443298969
0.5463917525773195
0.5567010309278351
0.6082474226804123
0.6082474226804123
0.5773195876288659
0.5773195876288659
0.6288659793814433
0.6391752577319587
0.6288659793814433
0.5773195876288659

test accuracy:
0.4
0.48
0.52
0.48
0.64
0.72
0.56
0.32
0.48
0.56
0.48
0.6
0.48
0.48
0.36
0.4
0.36
