train_auc: 0.5442986520982717
test_auc: 0.42634810841332577
train_rho: 0.09258610563302828
test_rho: -0.15646166071187165

train accuracy:
0.6701030927835051
0.6804123711340206
0.6804123711340206
0.4020618556701031
0.41237113402061853
0.7010309278350515
0.6494845360824743
0.6804123711340206
0.4020618556701031
0.6804123711340206
0.6804123711340206
0.6494845360824743
0.5463917525773195
0.6701030927835051
0.6907216494845361
0.41237113402061853
0.6597938144329897

test accuracy:
0.6
0.52
0.6
0.28
0.2
0.48
0.52
0.56
0.32
0.56
0.6
0.6
0.4
0.56
0.48
0.36
0.52
