train_auc:               precision    recall  f1-score   support

           0       0.58      0.70      0.63       303
           1       0.49      0.38      0.43       254
           2       0.49      0.66      0.57       316
           3       0.46      0.16      0.23       167

   micro avg       0.52      0.52      0.52      1040
   macro avg       0.51      0.47      0.47      1040
weighted avg       0.51      0.52      0.50      1040

test_auc:               precision    recall  f1-score   support

           0       0.42      0.56      0.48        32
           1       0.40      0.31      0.35        26
           2       0.45      0.64      0.53        39
           3       0.00      0.00      0.00        23

   micro avg       0.42      0.42      0.42       120
   macro avg       0.32      0.38      0.34       120
weighted avg       0.35      0.42      0.38       120

train_rho: 0.43333963892804833
test_rho: 0.2783306338113897

train accuracy:
0.5096153846153846
0.5432692307692307
0.5192307692307693
0.5288461538461539
0.5096153846153846

test accuracy:
0.25
0.4583333333333333
0.625
0.25
0.5416666666666666
