train_auc: 0.5290190564137005
test_auc: 0.4023204485802911
train_rho: 0.0344362709823298
test_rho: -0.11923842238688495

train accuracy:
0.12371134020618557
0.1134020618556701
0.12371134020618557
0.9072164948453608
0.8969072164948454
0.10309278350515463
0.12371134020618557
0.12371134020618557
0.9175257731958762
0.9072164948453608
0.9175257731958762
0.8969072164948454
0.9278350515463918
0.1134020618556701
0.9072164948453608
0.9072164948453608
0.12371134020618557

test accuracy:
0.08
0.08
0.04
0.84
0.88
0.12
0.08
0.04
0.84
0.88
0.84
0.88
0.8
0.08
0.88
0.88
0.04
