train_auc: 0.5564231242788167
test_auc: 0.40575757575757576
train_rho: 0.10925442616981623
test_rho: -0.1835117755513529

train accuracy:
0.4742268041237113
0.3917525773195876
0.3917525773195876
0.422680412371134
0.6804123711340206
0.44329896907216493
0.6288659793814433
0.6804123711340206
0.38144329896907214
0.6907216494845361
0.44329896907216493
0.4845360824742268
0.6907216494845361
0.6907216494845361
0.3711340206185567
0.6907216494845361
0.41237113402061853

test accuracy:
0.2
0.24
0.24
0.36
0.6
0.32
0.36
0.6
0.36
0.52
0.28
0.28
0.52
0.48
0.32
0.6
0.28
