train_auc: 0.7529363336992316
test_auc: 0.44597474995900965
train_rho: 0.4377383519214919
test_rho: -0.09352776599883722

train accuracy: average 0.6933181039406054
0) 0.6601941747572816
1) 0.6893203883495146
2) 0.6990291262135923
3) 0.6990291262135923
4) 0.6601941747572816
5) 0.6796116504854369
6) 0.6699029126213593
7) 0.6310679611650486
8) 0.7087378640776699
9) 0.7281553398058253
10) 0.6796116504854369
11) 0.7184466019417476
12) 0.6699029126213593
13) 0.7766990291262136
14) 0.7184466019417476
15) 0.7184466019417476
16) 0.6796116504854369

test accuracy: average 0.45022624434389136
0) 0.38461538461538464
1) 0.46153846153846156
2) 0.46153846153846156
3) 0.5384615384615384
4) 0.4230769230769231
5) 0.46153846153846156
6) 0.5
7) 0.6153846153846154
8) 0.3076923076923077
9) 0.38461538461538464
10) 0.46153846153846156
11) 0.5
12) 0.34615384615384615
13) 0.38461538461538464
14) 0.5
15) 0.4230769230769231
16) 0.5
