train_auc: 0.6661923669070577
test_auc: 0.5654767563456603
train_rho: 0.3173414487582822
test_rho: 0.12683910004623586

train accuracy:
0.5979381443298969
0.6907216494845361
0.6185567010309279
0.7010309278350515
0.7216494845360825
0.5876288659793815
0.5257731958762887
0.7422680412371134
0.7216494845360825
0.6082474226804123
0.6082474226804123
0.6391752577319587
0.7010309278350515
0.5567010309278351
0.5876288659793815
0.6597938144329897
0.6288659793814433

test accuracy:
0.48
0.6
0.56
0.64
0.64
0.44
0.72
0.6
0.56
0.6
0.56
0.48
0.56
0.6
0.52
0.52
0.64
