train_auc: 0.7758754510399724
test_auc: 0.453760162601626
train_rho: 0.33725644489568624
test_rho: -0.05488822948731729

train accuracy:
0.7216494845360825
0.6907216494845361
0.5051546391752577
0.6907216494845361
0.5154639175257731
0.6288659793814433
0.4948453608247423
0.7938144329896907
0.7422680412371134
0.8041237113402062
0.5670103092783505
0.6391752577319587
0.9278350515463918
0.8556701030927835
0.7422680412371134
0.6391752577319587
0.6804123711340206

test accuracy:
0.4
0.44
0.56
0.72
0.48
0.4
0.24
0.76
0.64
0.52
0.28
0.44
0.68
0.64
0.52
0.56
0.64
