train_auc: 0.5355719855050063
test_auc: 0.3879862953138815
train_rho: 0.04233509486435976
test_rho: -0.1443341598572352

train accuracy:
0.9072164948453608
0.10309278350515463
0.9175257731958762
0.9175257731958762
0.9072164948453608
0.9381443298969072
0.8969072164948454
0.9072164948453608
0.12371134020618557
0.1134020618556701
0.12371134020618557
0.12371134020618557
0.9175257731958762
0.9278350515463918
0.8969072164948454
0.1134020618556701
0.1134020618556701

test accuracy:
0.88
0.12
0.84
0.84
0.88
0.76
0.88
0.88
0.04
0.08
0.04
0.04
0.84
0.8
0.88
0.08
0.08
