train_auc: 0.8841024436703327
test_auc: 0.7545052424639581
train_rho: 0.6652719283460795
test_rho: 0.44077652206666873

train accuracy: average 0.8161050828098229
0) 0.8252427184466019
1) 0.7961165048543689
2) 0.8349514563106796
3) 0.8155339805825242
4) 0.8155339805825242
5) 0.8446601941747572
6) 0.7766990291262136
7) 0.8155339805825242
8) 0.8252427184466019
9) 0.8155339805825242
10) 0.8058252427184466
11) 0.7961165048543689
12) 0.8446601941747572
13) 0.7864077669902912
14) 0.8155339805825242
15) 0.8446601941747572
16) 0.8155339805825242

test accuracy: average 0.6900452488687783
0) 0.6538461538461539
1) 0.6538461538461539
2) 0.6923076923076923
3) 0.7307692307692307
4) 0.6538461538461539
5) 0.6538461538461539
6) 0.8076923076923077
7) 0.6538461538461539
8) 0.7307692307692307
9) 0.7307692307692307
10) 0.7307692307692307
11) 0.6153846153846154
12) 0.6923076923076923
13) 0.6923076923076923
14) 0.7307692307692307
15) 0.6923076923076923
16) 0.6153846153846154
