train_auc:               precision    recall  f1-score   support

           0       0.64      0.71      0.67       304
           1       0.58      0.57      0.57       251
           2       0.59      0.59      0.59       313
           3       0.54      0.45      0.49       172

   micro avg       0.60      0.60      0.60      1040
   macro avg       0.59      0.58      0.58      1040
weighted avg       0.59      0.60      0.59      1040

test_auc:               precision    recall  f1-score   support

           0       0.48      0.71      0.57        31
           1       0.38      0.31      0.34        29
           2       0.39      0.33      0.36        42
           3       0.43      0.33      0.38        18

   micro avg       0.42      0.42      0.42       120
   macro avg       0.42      0.42      0.41       120
weighted avg       0.41      0.42      0.41       120

train_rho: 0.5279656394317362
test_rho: 0.37244372407500154

train accuracy:
0.6057692307692307
0.5769230769230769
0.5913461538461539
0.5769230769230769
0.6346153846153846

test accuracy:
0.4166666666666667
0.5416666666666666
0.375
0.4583333333333333
0.3333333333333333
