train_auc: 0.5423255238127764
test_auc: 0.37115839243498816
train_rho: 0.049739554431417504
test_rho: -0.1618672250745426

train accuracy:
0.9072164948453608
0.9072164948453608
0.10309278350515463
0.9278350515463918
0.1134020618556701
0.9278350515463918
0.1134020618556701
0.1134020618556701
0.13402061855670103
0.9278350515463918
0.12371134020618557
0.13402061855670103
0.13402061855670103
0.9072164948453608
0.9278350515463918
0.9175257731958762
0.12371134020618557

test accuracy:
0.88
0.84
0.12
0.8
0.08
0.8
0.08
0.08
0.08
0.8
0.04
0.0
0.12
0.88
0.8
0.84
0.04
