train_auc: 0.7580815628896285
test_auc: 0.5957190040650407
train_rho: 0.3111202020181831
test_rho: 0.11338090797720933

train accuracy:
0.7319587628865979
0.7835051546391752
0.5257731958762887
0.5154639175257731
0.7938144329896907
0.7525773195876289
0.5154639175257731
0.5876288659793815
0.6701030927835051
0.5773195876288659
0.6185567010309279
0.8247422680412371
0.5154639175257731
0.5257731958762887
0.6597938144329897
0.5979381443298969
0.8144329896907216

test accuracy:
0.68
0.52
0.56
0.48
0.68
0.48
0.36
0.48
0.64
0.64
0.64
0.76
0.44
0.4
0.64
0.56
0.64
