train_auc: 0.8372863597379288
test_auc: 0.5422753093933861
train_rho: 0.4428033266268073
test_rho: 0.05758525490828519

train accuracy:
0.865979381443299
0.7319587628865979
0.6288659793814433
0.7835051546391752
0.8041237113402062
0.7216494845360825
0.9072164948453608
0.8969072164948454
0.7319587628865979
0.8041237113402062
0.845360824742268
0.8041237113402062
0.8144329896907216
0.9072164948453608
0.7835051546391752
0.7628865979381443
0.9278350515463918

test accuracy:
0.72
0.32
0.64
0.6
0.64
0.52
0.76
0.68
0.72
0.64
0.48
0.48
0.52
0.72
0.52
0.68
0.72
