train_auc: 0.5213104849783051
test_auc: 0.41830065359477125
train_rho: 0.04132008720355356
test_rho: -0.15936381457791912

train accuracy:
0.6701030927835051
0.3711340206185567
0.6494845360824743
0.3711340206185567
0.6494845360824743
0.3711340206185567
0.6804123711340206
0.3711340206185567
0.3917525773195876
0.36082474226804123
0.38144329896907214
0.6597938144329897
0.6597938144329897
0.6701030927835051
0.6804123711340206
0.6597938144329897
0.6804123711340206

test accuracy:
0.56
0.28
0.64
0.28
0.64
0.28
0.52
0.28
0.2
0.32
0.24
0.6
0.6
0.56
0.52
0.6
0.52
