train_auc: 0.7613123886267317
test_auc: 0.4467491434316079
train_rho: 0.4522944505004439
test_rho: -0.0921389546675615

train accuracy: average 0.6967447173043975
0) 0.7281553398058253
1) 0.6504854368932039
2) 0.6504854368932039
3) 0.7572815533980582
4) 0.6699029126213593
5) 0.7087378640776699
6) 0.6699029126213593
7) 0.7184466019417476
8) 0.7087378640776699
9) 0.6893203883495146
10) 0.6699029126213593
11) 0.7475728155339806
12) 0.6601941747572816
13) 0.7184466019417476
14) 0.7184466019417476
15) 0.6893203883495146
16) 0.6893203883495146

test accuracy: average 0.45022624434389136
0) 0.5
1) 0.34615384615384615
2) 0.4230769230769231
3) 0.2692307692307692
4) 0.5384615384615384
5) 0.38461538461538464
6) 0.5
7) 0.34615384615384615
8) 0.5
9) 0.46153846153846156
10) 0.46153846153846156
11) 0.38461538461538464
12) 0.6153846153846154
13) 0.5384615384615384
14) 0.34615384615384615
15) 0.5384615384615384
16) 0.5
