train_auc: 0.6570488721804512
test_auc: 0.6082142681789168
train_rho: 0.3064159793659775
test_rho: 0.20959365852269635

train accuracy:
0.5979381443298969
0.7010309278350515
0.6185567010309279
0.6288659793814433
0.6494845360824743
0.5567010309278351
0.5979381443298969
0.6185567010309279
0.5670103092783505
0.5670103092783505
0.5670103092783505
0.6391752577319587
0.5876288659793815
0.5876288659793815
0.6804123711340206
0.6907216494845361
0.6082474226804123

test accuracy:
0.56
0.56
0.64
0.68
0.52
0.56
0.52
0.56
0.52
0.56
0.6
0.56
0.56
0.56
0.52
0.48
0.68
