train_auc: 0.6452383083177786
test_auc: 0.5527619862152235
train_rho: 0.28208153691552573
test_rho: 0.10018951026441478

train accuracy:
0.5567010309278351
0.6907216494845361
0.5670103092783505
0.5876288659793815
0.6082474226804123
0.7525773195876289
0.5670103092783505
0.6082474226804123
0.5567010309278351
0.5670103092783505
0.5773195876288659
0.7938144329896907
0.5463917525773195
0.5979381443298969
0.6082474226804123
0.5773195876288659
0.6391752577319587

test accuracy:
0.64
0.4
0.52
0.52
0.36
0.52
0.52
0.48
0.64
0.52
0.48
0.44
0.64
0.44
0.56
0.64
0.52
