train_auc: 0.5678673527730131
test_auc: 0.39115849608077585
train_rho: 0.08191481567102891
test_rho: -0.12621990198289004

train accuracy:
0.9072164948453608
0.9175257731958762
0.17525773195876287
0.18556701030927836
0.9072164948453608
0.14432989690721648
0.16494845360824742
0.9175257731958762
0.1958762886597938
0.9072164948453608
0.14432989690721648
0.25773195876288657
0.9072164948453608
0.9175257731958762
0.8969072164948454
0.9278350515463918
0.15463917525773196

test accuracy:
0.88
0.88
0.16
0.16
0.88
0.0
0.08
0.88
0.08
0.88
0.0
0.16
0.84
0.84
0.84
0.88
0.08
