train_auc: 0.5257904346990421
test_auc: 0.3967302045488479
train_rho: 0.0502202052880109
test_rho: -0.19794825323743437

train accuracy:
0.6597938144329897
0.711340206185567
0.38144329896907214
0.7010309278350515
0.3711340206185567
0.3711340206185567
0.36082474226804123
0.38144329896907214
0.3711340206185567
0.6494845360824743
0.6597938144329897
0.3711340206185567
0.36082474226804123
0.6597938144329897
0.6597938144329897
0.41237113402061853
0.3917525773195876

test accuracy:
0.6
0.4
0.24
0.44
0.28
0.28
0.32
0.24
0.28
0.64
0.6
0.28
0.32
0.6
0.6
0.12
0.2
