train_auc: 0.9588647721339598
test_auc: 0.3851895734597156
train_rho: 0.33897753998764196
test_rho: -0.08266506639842314

train accuracy: average 0.9440885264997088
0) 0.9207920792079208
1) 1.0
2) 0.9801980198019802
3) 0.9504950495049505
4) 0.9306930693069307
5) 0.900990099009901
6) 0.9801980198019802
7) 1.0
8) 0.9108910891089109
9) 0.8514851485148515
10) 1.0
11) 0.900990099009901
12) 0.9108910891089109
13) 0.9108910891089109
14) 0.9900990099009901
15) 0.9108910891089109
16) 1.0

test accuracy: average 0.7692307692307692
0) 0.7692307692307693
1) 0.6923076923076923
2) 0.7692307692307693
3) 0.6538461538461539
4) 0.7692307692307693
5) 0.7307692307692307
6) 0.8076923076923077
7) 0.8846153846153846
8) 0.8076923076923077
9) 0.7692307692307693
10) 0.8461538461538461
11) 0.7307692307692307
12) 0.8076923076923077
13) 0.7692307692307693
14) 0.7307692307692307
15) 0.6923076923076923
16) 0.8461538461538461
