train_auc: 0.7374196719446904
test_auc: 0.5391676866585067
train_rho: 0.29524930575875014
test_rho: 0.0455816754732759

train accuracy:
0.5567010309278351
0.5876288659793815
0.7216494845360825
0.7010309278350515
0.6701030927835051
0.845360824742268
0.5360824742268041
0.5567010309278351
0.8556701030927835
0.7216494845360825
0.7010309278350515
0.845360824742268
0.7628865979381443
0.5257731958762887
0.6391752577319587
0.7731958762886598
0.6701030927835051

test accuracy:
0.12
0.56
0.64
0.68
0.44
0.64
0.64
0.48
0.72
0.64
0.64
0.64
0.8
0.4
0.72
0.72
0.6
