train_auc: 0.5953084305970868
test_auc: 0.46001142530705513
train_rho: 0.1161858754173354
test_rho: -0.04456600459136059

train accuracy:
0.3711340206185567
0.8762886597938144
0.2268041237113402
0.6288659793814433
0.13402061855670103
0.6494845360824743
0.38144329896907214
0.17525773195876287
0.6804123711340206
0.32989690721649484
0.8556701030927835
0.6701030927835051
0.13402061855670103
0.8144329896907216
0.25773195876288657
0.7216494845360825
0.36082474226804123

test accuracy:
0.32
0.84
0.24
0.6
0.08
0.56
0.48
0.2
0.64
0.24
0.88
0.8
0.04
0.84
0.28
0.84
0.16
