train_auc: 0.6897216556985855
test_auc: 0.49177464430894313
train_rho: 0.22652146673677062
test_rho: -0.00972792437340935

train accuracy:
0.4329896907216495
0.4536082474226804
0.6082474226804123
0.4742268041237113
0.5567010309278351
0.7525773195876289
0.6907216494845361
0.4948453608247423
0.7422680412371134
0.5670103092783505
0.5051546391752577
0.865979381443299
0.7010309278350515
0.4742268041237113
0.4639175257731959
0.4536082474226804
0.5154639175257731

test accuracy:
0.36
0.4
0.48
0.36
0.36
0.76
0.56
0.44
0.56
0.6
0.2
0.64
0.6
0.4
0.48
0.36
0.52
