train_auc: 0.6474605698029536
test_auc: 0.5871670406868964
train_rho: 0.2837390164472594
test_rho: 0.167134511481692

train accuracy:
0.5876288659793815
0.6907216494845361
0.5670103092783505
0.5567010309278351
0.5773195876288659
0.6701030927835051
0.5876288659793815
0.6391752577319587
0.711340206185567
0.6082474226804123
0.6082474226804123
0.6597938144329897
0.6907216494845361
0.5876288659793815
0.5463917525773195
0.6701030927835051
0.5567010309278351

test accuracy:
0.44
0.64
0.52
0.64
0.48
0.64
0.56
0.32
0.76
0.36
0.6
0.72
0.56
0.44
0.6
0.68
0.6
