train_auc: 0.6610019532383145
test_auc: 0.583030303030303
train_rho: 0.31163000710840233
test_rho: 0.16111003336631452

train accuracy:
0.5979381443298969
0.5979381443298969
0.5876288659793815
0.5979381443298969
0.5463917525773195
0.5979381443298969
0.5876288659793815
0.6494845360824743
0.7010309278350515
0.5876288659793815
0.5876288659793815
0.6494845360824743
0.6082474226804123
0.6907216494845361
0.6391752577319587
0.6804123711340206
0.6907216494845361

test accuracy:
0.52
0.56
0.64
0.48
0.72
0.48
0.68
0.56
0.44
0.56
0.56
0.4
0.48
0.6
0.44
0.56
0.68
