train_auc: 0.6562523971464368
test_auc: 0.5993233385319716
train_rho: 0.30341501005617216
test_rho: 0.18969173088385147

train accuracy:
0.6391752577319587
0.6701030927835051
0.5773195876288659
0.5876288659793815
0.6597938144329897
0.6597938144329897
0.5567010309278351
0.5979381443298969
0.6288659793814433
0.6391752577319587
0.6701030927835051
0.6185567010309279
0.6288659793814433
0.5670103092783505
0.6185567010309279
0.6701030927835051
0.5876288659793815

test accuracy:
0.56
0.6
0.72
0.56
0.44
0.56
0.52
0.56
0.64
0.48
0.36
0.56
0.52
0.68
0.48
0.6
0.6
