train_auc: 0.6059293694110265
test_auc: 0.41114075203252026
train_rho: 0.12652704455897035
test_rho: -0.10504264852350143

train accuracy:
0.25773195876288657
0.5567010309278351
0.7216494845360825
0.20618556701030927
0.711340206185567
0.8041237113402062
0.7010309278350515
0.6804123711340206
0.2268041237113402
0.9072164948453608
0.24742268041237114
0.6907216494845361
0.25773195876288657
0.8762886597938144
0.9175257731958762
0.32989690721649484
0.26804123711340205

test accuracy:
0.2
0.32
0.84
0.16
0.64
0.84
0.64
0.72
0.08
0.76
0.16
0.52
0.2
0.84
0.84
0.32
0.2
