train_auc: 0.6162410931128628
test_auc: 0.5817516805061289
train_rho: 0.2327500390740813
test_rho: 0.1589713684966816

train accuracy:
0.5463917525773195
0.5670103092783505
0.6185567010309279
0.5670103092783505
0.5670103092783505
0.5463917525773195
0.5773195876288659
0.5154639175257731
0.5773195876288659
0.5979381443298969
0.5773195876288659
0.5670103092783505
0.5463917525773195
0.5670103092783505
0.5463917525773195
0.5670103092783505
0.5463917525773195

test accuracy:
0.6
0.52
0.32
0.52
0.52
0.6
0.48
0.72
0.48
0.52
0.48
0.52
0.6
0.52
0.6
0.52
0.6
