train_auc: 0.5931917394224312
test_auc: 0.38523025530899546
train_rho: 0.11105413268606446
test_rho: -0.14122546371797384

train accuracy:
0.8969072164948454
0.4845360824742268
0.4639175257731959
0.9175257731958762
0.32989690721649484
0.32989690721649484
0.21649484536082475
0.21649484536082475
0.9278350515463918
0.6907216494845361
0.1958762886597938
0.9175257731958762
0.16494845360824742
0.10309278350515463
0.6185567010309279
0.6391752577319587
0.16494845360824742

test accuracy:
0.76
0.44
0.28
0.8
0.4
0.48
0.24
0.08
0.8
0.56
0.12
0.84
0.2
0.08
0.32
0.32
0.12
