train_auc: 0.8025861921756801
test_auc: 0.5605369807497468
train_rho: 0.3927164636070075
test_rho: 0.08501142427543132

train accuracy:
0.6082474226804123
0.8556701030927835
0.8144329896907216
0.9072164948453608
0.7216494845360825
0.8556701030927835
0.8041237113402062
0.8350515463917526
0.7835051546391752
0.7216494845360825
0.7628865979381443
0.7319587628865979
0.6185567010309279
0.7731958762886598
0.8041237113402062
0.7938144329896907
0.8144329896907216

test accuracy:
0.52
0.64
0.88
0.76
0.68
0.6
0.84
0.68
0.72
0.68
0.68
0.76
0.64
0.64
0.56
0.8
0.8
