train_auc:               precision    recall  f1-score   support

           0       0.58      0.73      0.65       297
           1       0.52      0.36      0.42       246
           2       0.51      0.65      0.57       324
           3       0.52      0.24      0.33       173

   micro avg       0.54      0.54      0.54      1040
   macro avg       0.53      0.50      0.49      1040
weighted avg       0.53      0.54      0.52      1040

test_auc:               precision    recall  f1-score   support

           0       0.41      0.50      0.45        38
           1       0.27      0.18      0.21        34
           2       0.39      0.52      0.44        31
           3       0.00      0.00      0.00        17

   micro avg       0.34      0.34      0.34       120
   macro avg       0.27      0.30      0.28       120
weighted avg       0.31      0.34      0.32       120

train_rho: 0.46162011608984826
test_rho: 0.20130747011626962

train accuracy:
0.5432692307692307
0.5288461538461539
0.5576923076923077
0.5336538461538461
0.5240384615384616

test accuracy:
0.3333333333333333
0.3333333333333333
0.3333333333333333
0.2916666666666667
0.4166666666666667
