train_auc: 0.5149701412811581
test_auc: 0.43953634085213034
train_rho: 0.02917237010249952
test_rho: -0.11548400614328179

train accuracy:
0.36082474226804123
0.6701030927835051
0.38144329896907214
0.6597938144329897
0.38144329896907214
0.3711340206185567
0.6494845360824743
0.36082474226804123
0.6494845360824743
0.36082474226804123
0.6597938144329897
0.38144329896907214
0.3711340206185567
0.36082474226804123
0.6494845360824743
0.6701030927835051
0.3711340206185567

test accuracy:
0.32
0.56
0.24
0.6
0.24
0.28
0.64
0.32
0.64
0.32
0.6
0.24
0.28
0.32
0.64
0.56
0.28
