train_auc: 0.7289322015704861
test_auc: 0.5965447154471545
train_rho: 0.2792712604510459
test_rho: 0.11498059667083621

train accuracy:
0.4948453608247423
0.5463917525773195
0.5567010309278351
0.5670103092783505
0.7938144329896907
0.6907216494845361
0.7628865979381443
0.7216494845360825
0.8247422680412371
0.5670103092783505
0.7216494845360825
0.7422680412371134
0.7525773195876289
0.7216494845360825
0.6907216494845361
0.5567010309278351
0.5773195876288659

test accuracy:
0.6
0.52
0.48
0.56
0.76
0.6
0.52
0.72
0.56
0.44
0.6
0.56
0.56
0.68
0.76
0.52
0.52
