train_auc: 0.5119871478002966
test_auc: 0.4540441176470589
train_rho: 0.023936508837117336
test_rho: -0.09231861823449954

train accuracy:
0.6494845360824743
0.36082474226804123
0.36082474226804123
0.6597938144329897
0.6597938144329897
0.6597938144329897
0.6494845360824743
0.38144329896907214
0.6701030927835051
0.6494845360824743
0.3711340206185567
0.6804123711340206
0.6494845360824743
0.36082474226804123
0.6494845360824743
0.36082474226804123
0.6597938144329897

test accuracy:
0.64
0.32
0.32
0.6
0.6
0.6
0.64
0.24
0.56
0.64
0.28
0.52
0.64
0.32
0.64
0.32
0.6
