train_auc: 0.7650298491441594
test_auc: 0.43635670731707316
train_rho: 0.322974093043257
test_rho: -0.0754454966396754

train accuracy:
0.7216494845360825
0.6701030927835051
0.5051546391752577
0.6907216494845361
0.5154639175257731
0.6701030927835051
0.4948453608247423
0.7216494845360825
0.7422680412371134
0.8041237113402062
0.5670103092783505
0.6391752577319587
0.865979381443299
0.8144329896907216
0.7319587628865979
0.6391752577319587
0.6804123711340206

test accuracy:
0.4
0.44
0.56
0.72
0.48
0.44
0.24
0.72
0.64
0.52
0.28
0.44
0.6
0.48
0.56
0.56
0.64
