train_auc: 0.548949730241121
test_auc: 0.40164511747245557
train_rho: 0.09512555955697087
test_rho: -0.18837435811238035

train accuracy:
0.3917525773195876
0.6907216494845361
0.6701030927835051
0.4020618556701031
0.422680412371134
0.6907216494845361
0.422680412371134
0.6907216494845361
0.422680412371134
0.6701030927835051
0.4329896907216495
0.6804123711340206
0.422680412371134
0.4020618556701031
0.38144329896907214
0.6907216494845361
0.4020618556701031

test accuracy:
0.28
0.52
0.56
0.32
0.24
0.52
0.32
0.56
0.24
0.64
0.28
0.56
0.2
0.16
0.24
0.56
0.24
