train_auc: 0.5197685686878575
test_auc: 0.4280579696745562
train_rho: 0.03921429842096766
test_rho: -0.14735471756660504

train accuracy:
0.36082474226804123
0.6804123711340206
0.6907216494845361
0.6597938144329897
0.6804123711340206
0.6701030927835051
0.6597938144329897
0.38144329896907214
0.6597938144329897
0.6701030927835051
0.36082474226804123
0.36082474226804123
0.6597938144329897
0.7010309278350515
0.36082474226804123
0.3711340206185567
0.6701030927835051

test accuracy:
0.32
0.52
0.48
0.6
0.52
0.56
0.6
0.24
0.6
0.56
0.32
0.32
0.6
0.44
0.32
0.28
0.56
