train_auc: 0.7570721416244871
test_auc: 0.5996252540650407
train_rho: 0.3097458731853444
test_rho: 0.1181501646549334

train accuracy:
0.711340206185567
0.7835051546391752
0.5257731958762887
0.5154639175257731
0.7731958762886598
0.7628865979381443
0.5154639175257731
0.5876288659793815
0.6701030927835051
0.5773195876288659
0.6185567010309279
0.8247422680412371
0.5154639175257731
0.5257731958762887
0.6597938144329897
0.5979381443298969
0.8144329896907216

test accuracy:
0.68
0.56
0.56
0.48
0.68
0.56
0.36
0.48
0.64
0.64
0.64
0.76
0.44
0.4
0.64
0.56
0.64
