train_auc: 0.6822145234434301
test_auc: 0.5808917650405349
train_rho: 0.34776669256400633
test_rho: 0.15886544839154565

train accuracy:
0.6288659793814433
0.6597938144329897
0.6288659793814433
0.7422680412371134
0.6288659793814433
0.7010309278350515
0.6804123711340206
0.6082474226804123
0.6185567010309279
0.6391752577319587
0.6185567010309279
0.6597938144329897
0.7628865979381443
0.6597938144329897
0.6082474226804123
0.6494845360824743
0.6494845360824743

test accuracy:
0.68
0.56
0.56
0.64
0.52
0.44
0.6
0.64
0.64
0.6
0.4
0.4
0.48
0.48
0.72
0.48
0.56
