train_auc: 0.5176097294518347
test_auc: 0.43064761624196
train_rho: 0.03375930085289622
test_rho: -0.1319664887146945

train accuracy:
0.38144329896907214
0.7010309278350515
0.6701030927835051
0.36082474226804123
0.3917525773195876
0.6597938144329897
0.6494845360824743
0.36082474226804123
0.38144329896907214
0.36082474226804123
0.3711340206185567
0.6494845360824743
0.6597938144329897
0.6494845360824743
0.36082474226804123
0.36082474226804123
0.6597938144329897

test accuracy:
0.24
0.44
0.56
0.32
0.2
0.6
0.64
0.32
0.24
0.32
0.28
0.64
0.6
0.64
0.32
0.32
0.6
