train_auc: 0.7007407876408764
test_auc: 0.47412280701754395
train_rho: 0.23702258800676643
test_rho: -0.031858974769200854

train accuracy:
0.4742268041237113
0.4329896907216495
0.7525773195876289
0.4742268041237113
0.7422680412371134
0.7628865979381443
0.845360824742268
0.4742268041237113
0.5154639175257731
0.6597938144329897
0.44329896907216493
0.5876288659793815
0.4639175257731959
0.5876288659793815
0.4639175257731959
0.41237113402061853
0.5257731958762887

test accuracy:
0.28
0.44
0.56
0.28
0.64
0.64
0.8
0.28
0.48
0.56
0.4
0.44
0.32
0.4
0.32
0.52
0.8
