train_auc:               precision    recall  f1-score   support

           0       0.65      0.72      0.68       295
           1       0.58      0.56      0.57       248
           2       0.59      0.58      0.58       322
           3       0.53      0.47      0.50       175

    accuracy                           0.60      1040
   macro avg       0.59      0.58      0.58      1040
weighted avg       0.59      0.60      0.59      1040

test_auc:               precision    recall  f1-score   support

           0       0.54      0.62      0.58        40
           1       0.41      0.47      0.43        32
           2       0.44      0.36      0.40        33
           3       0.40      0.27      0.32        15

    accuracy                           0.47       120
   macro avg       0.45      0.43      0.43       120
weighted avg       0.46      0.47      0.46       120

train_rho: 0.5287152943997131
test_rho: 0.39428583713497645

train accuracy:
0.625
0.5673076923076923
0.5769230769230769
0.6009615384615384
0.6153846153846154

test accuracy:
0.5
0.4166666666666667
0.5416666666666666
0.5416666666666666
0.3333333333333333
