train_auc: 0.5289751118702402
test_auc: 0.43696741854636595
train_rho: 0.06077103957103967
test_rho: -0.1291511649038915

train accuracy:
0.38144329896907214
0.6701030927835051
0.3917525773195876
0.6597938144329897
0.38144329896907214
0.3711340206185567
0.38144329896907214
0.38144329896907214
0.44329896907216493
0.4020618556701031
0.6701030927835051
0.38144329896907214
0.3917525773195876
0.3917525773195876
0.6391752577319587
0.6701030927835051
0.3711340206185567

test accuracy:
0.32
0.56
0.24
0.6
0.24
0.28
0.36
0.32
0.56
0.28
0.48
0.24
0.28
0.32
0.48
0.56
0.28
