train_auc: 0.518646674356017
test_auc: 0.4285130718954248
train_rho: 0.037234569302182524
test_rho: -0.14360673947588817

train accuracy:
0.6701030927835051
0.3917525773195876
0.6494845360824743
0.6701030927835051
0.3917525773195876
0.6597938144329897
0.3711340206185567
0.36082474226804123
0.6701030927835051
0.6701030927835051
0.6597938144329897
0.36082474226804123
0.3711340206185567
0.6804123711340206
0.6494845360824743
0.6597938144329897
0.6494845360824743

test accuracy:
0.56
0.2
0.64
0.56
0.2
0.6
0.28
0.32
0.56
0.56
0.6
0.32
0.28
0.52
0.64
0.6
0.64
