train_auc: 0.7391724687015087
test_auc: 0.4808921528627771
train_rho: 0.3011772055692862
test_rho: -0.022852902118883935

train accuracy:
0.5773195876288659
0.6391752577319587
0.7010309278350515
0.7938144329896907
0.6597938144329897
0.7938144329896907
0.6907216494845361
0.5670103092783505
0.8969072164948454
0.6494845360824743
0.7422680412371134
0.8350515463917526
0.7319587628865979
0.6288659793814433
0.7422680412371134
0.7010309278350515
0.6185567010309279

test accuracy:
0.2
0.6
0.68
0.72
0.48
0.56
0.72
0.52
0.72
0.6
0.72
0.72
0.76
0.6
0.64
0.68
0.56
