train_auc:               precision    recall  f1-score   support

           0       0.66      0.71      0.68       294
           1       0.54      0.52      0.53       251
           2       0.55      0.60      0.58       323
           3       0.52      0.40      0.45       172

   micro avg       0.58      0.58      0.58      1040
   macro avg       0.57      0.56      0.56      1040
weighted avg       0.58      0.58      0.58      1040

test_auc:               precision    recall  f1-score   support

           0       0.56      0.54      0.55        41
           1       0.40      0.34      0.37        29
           2       0.35      0.38      0.36        32
           3       0.27      0.33      0.30        18

   micro avg       0.42      0.42      0.42       120
   macro avg       0.40      0.40      0.40       120
weighted avg       0.42      0.42      0.42       120

train_rho: 0.553373965416001
test_rho: 0.345972973234762

train accuracy:
0.5625
0.5769230769230769
0.5625
0.5961538461538461
0.5961538461538461

test accuracy:
0.4583333333333333
0.4583333333333333
0.4583333333333333
0.3333333333333333
0.375
