train_auc: 0.580130063451942
test_auc: 0.45088512152859084
train_rho: 0.1544071011835516
test_rho: -0.09606756561949775

train accuracy:
0.6494845360824743
0.5773195876288659
0.4948453608247423
0.4639175257731959
0.6804123711340206
0.6185567010309279
0.6804123711340206
0.6701030927835051
0.5257731958762887
0.5876288659793815
0.5154639175257731
0.6804123711340206
0.6082474226804123
0.5979381443298969
0.6701030927835051
0.5154639175257731
0.6288659793814433

test accuracy:
0.48
0.52
0.32
0.4
0.52
0.56
0.52
0.56
0.48
0.36
0.36
0.52
0.4
0.48
0.56
0.44
0.44
