train_auc: 0.7932987592528379
test_auc: 0.5509604120156496
train_rho: 0.4819354794551841
test_rho: 0.08495099965499492

train accuracy: average 0.7169481654047758
0) 0.7128712871287128
1) 0.7425742574257426
2) 0.693069306930693
3) 0.7128712871287128
4) 0.7029702970297029
5) 0.7128712871287128
6) 0.7425742574257426
7) 0.7227722772277227
8) 0.7128712871287128
9) 0.7029702970297029
10) 0.7128712871287128
11) 0.7029702970297029
12) 0.7029702970297029
13) 0.7128712871287128
14) 0.7029702970297029
15) 0.7425742574257426
16) 0.7524752475247525

test accuracy: average 0.5203619909502263
0) 0.6923076923076923
1) 0.6153846153846154
2) 0.5
3) 0.6153846153846154
4) 0.46153846153846156
5) 0.5
6) 0.46153846153846156
7) 0.5384615384615384
8) 0.5769230769230769
9) 0.5384615384615384
10) 0.5769230769230769
11) 0.46153846153846156
12) 0.5
13) 0.46153846153846156
14) 0.5384615384615384
15) 0.4230769230769231
16) 0.38461538461538464
