train_auc: 0.5324377213914738
test_auc: 0.37137957317073167
train_rho: 0.04051723868764027
test_rho: -0.15892254315495374

train accuracy:
0.10309278350515463
0.1134020618556701
0.1134020618556701
0.9072164948453608
0.9278350515463918
0.10309278350515463
0.9175257731958762
0.10309278350515463
0.9175257731958762
0.1134020618556701
0.10309278350515463
0.1134020618556701
0.9175257731958762
0.10309278350515463
0.9175257731958762
0.10309278350515463
0.1134020618556701

test accuracy:
0.08
0.04
0.04
0.88
0.8
0.08
0.84
0.08
0.84
0.04
0.08
0.04
0.84
0.08
0.84
0.08
0.04
