train_auc: 0.8326514473291556
test_auc: 0.6298032726604157
train_rho: 0.5494295717919192
test_rho: 0.2122069631542087

train accuracy: average 0.7489807804309843
0) 0.7722772277227723
1) 0.7623762376237624
2) 0.7623762376237624
3) 0.7326732673267327
4) 0.7326732673267327
5) 0.7524752475247525
6) 0.7326732673267327
7) 0.7326732673267327
8) 0.7623762376237624
9) 0.7227722772277227
10) 0.7524752475247525
11) 0.7623762376237624
12) 0.7326732673267327
13) 0.7029702970297029
14) 0.7326732673267327
15) 0.7722772277227723
16) 0.8118811881188119

test accuracy: average 0.6108597285067874
0) 0.5384615384615384
1) 0.6538461538461539
2) 0.6153846153846154
3) 0.6538461538461539
4) 0.4230769230769231
5) 0.5769230769230769
6) 0.6153846153846154
7) 0.6153846153846154
8) 0.6538461538461539
9) 0.7307692307692307
10) 0.7307692307692307
11) 0.5384615384615384
12) 0.7692307692307693
13) 0.6923076923076923
14) 0.6153846153846154
15) 0.5
16) 0.46153846153846156
