train_auc: 0.6907083701459016
test_auc: 0.5210238821138211
train_rho: 0.2283952491228969
test_rho: 0.025087744502511364

train accuracy:
0.4536082474226804
0.4536082474226804
0.5567010309278351
0.4742268041237113
0.5154639175257731
0.6597938144329897
0.5773195876288659
0.5051546391752577
0.7731958762886598
0.4845360824742268
0.5360824742268041
0.5670103092783505
0.6494845360824743
0.4742268041237113
0.4536082474226804
0.4536082474226804
0.5257731958762887

test accuracy:
0.4
0.4
0.36
0.36
0.36
0.6
0.44
0.44
0.52
0.64
0.32
0.64
0.64
0.28
0.44
0.36
0.44
