train_auc: 0.6319853639227777
test_auc: 0.4860474192604156
train_rho: 0.25340227687100364
test_rho: -0.026615263858808923

train accuracy:
0.711340206185567
0.6907216494845361
0.4845360824742268
0.5360824742268041
0.6804123711340206
0.6391752577319587
0.6082474226804123
0.6597938144329897
0.6494845360824743
0.6597938144329897
0.6597938144329897
0.6494845360824743
0.6907216494845361
0.5979381443298969
0.5979381443298969
0.6701030927835051
0.5876288659793815

test accuracy:
0.4
0.6
0.32
0.6
0.48
0.52
0.4
0.36
0.68
0.56
0.48
0.6
0.52
0.4
0.52
0.48
0.48
