train_auc: 0.5196696606956849
test_auc: 0.43315884273331084
train_rho: 0.02416113877091263
test_rho: -0.08773175328089577

train accuracy:
0.9072164948453608
0.9072164948453608
0.1134020618556701
0.9072164948453608
0.9072164948453608
0.9072164948453608
0.9072164948453608
0.10309278350515463
0.9175257731958762
0.10309278350515463
0.9072164948453608
0.9072164948453608
0.10309278350515463
0.9175257731958762
0.10309278350515463
0.10309278350515463
0.9175257731958762

test accuracy:
0.88
0.88
0.04
0.88
0.88
0.88
0.88
0.08
0.84
0.08
0.88
0.88
0.08
0.84
0.08
0.08
0.84
