train_auc: 0.6812283877329908
test_auc: 0.5695254349784289
train_rho: 0.34602517313007614
test_rho: 0.13631555336258797

train accuracy:
0.6288659793814433
0.6391752577319587
0.6391752577319587
0.7319587628865979
0.6185567010309279
0.7010309278350515
0.6804123711340206
0.6082474226804123
0.6185567010309279
0.6288659793814433
0.6185567010309279
0.6597938144329897
0.7628865979381443
0.6597938144329897
0.6185567010309279
0.6494845360824743
0.6494845360824743

test accuracy:
0.68
0.52
0.56
0.6
0.52
0.44
0.6
0.64
0.64
0.56
0.4
0.4
0.48
0.48
0.68
0.48
0.56
