train_auc: 0.5224148703530147
test_auc: 0.412763836202704
train_rho: 0.04292120898564027
test_rho: -0.16678921830936444

train accuracy:
0.6907216494845361
0.36082474226804123
0.6597938144329897
0.3711340206185567
0.3711340206185567
0.3711340206185567
0.36082474226804123
0.6597938144329897
0.6701030927835051
0.6701030927835051
0.6804123711340206
0.3917525773195876
0.6494845360824743
0.3917525773195876
0.6701030927835051
0.36082474226804123
0.3711340206185567

test accuracy:
0.48
0.32
0.6
0.28
0.28
0.28
0.32
0.6
0.56
0.56
0.52
0.2
0.64
0.2
0.56
0.32
0.28
