train_auc: 0.5135371851509639
test_auc: 0.4462485172004745
train_rho: 0.025971778543606387
test_rho: -0.10194093064731947

train accuracy:
0.36082474226804123
0.3711340206185567
0.36082474226804123
0.6701030927835051
0.36082474226804123
0.6597938144329897
0.36082474226804123
0.6494845360824743
0.6597938144329897
0.6597938144329897
0.3711340206185567
0.6494845360824743
0.6597938144329897
0.3711340206185567
0.3917525773195876
0.36082474226804123
0.6494845360824743

test accuracy:
0.32
0.28
0.32
0.56
0.32
0.6
0.32
0.64
0.6
0.6
0.28
0.64
0.6
0.28
0.2
0.32
0.64
