train_auc: 0.6653081963481458
test_auc: 0.5661584792019574
train_rho: 0.3180602204193809
test_rho: 0.13264504459664594

train accuracy:
0.5979381443298969
0.7010309278350515
0.5773195876288659
0.5773195876288659
0.6391752577319587
0.6185567010309279
0.7010309278350515
0.5876288659793815
0.6494845360824743
0.6804123711340206
0.5876288659793815
0.5979381443298969
0.6288659793814433
0.6494845360824743
0.6288659793814433
0.6494845360824743
0.5773195876288659

test accuracy:
0.56
0.4
0.48
0.48
0.44
0.76
0.44
0.52
0.4
0.56
0.76
0.4
0.44
0.6
0.72
0.56
0.52
