train_auc:               precision    recall  f1-score   support

           0       0.62      0.78      0.69       298
           1       0.56      0.44      0.49       250
           2       0.61      0.62      0.62       316
           3       0.57      0.47      0.52       176

   micro avg       0.60      0.60      0.60      1040
   macro avg       0.59      0.58      0.58      1040
weighted avg       0.59      0.60      0.59      1040

test_auc:               precision    recall  f1-score   support

           0       0.43      0.49      0.46        37
           1       0.38      0.30      0.33        30
           2       0.44      0.41      0.43        39
           3       0.22      0.29      0.25        14

   micro avg       0.39      0.39      0.39       120
   macro avg       0.37      0.37      0.37       120
weighted avg       0.40      0.39      0.39       120

train_rho: 0.5405894521787579
test_rho: 0.19976422775962663

train accuracy:
0.5961538461538461
0.5913461538461539
0.6057692307692307
0.5817307692307693
0.6153846153846154

test accuracy:
0.4166666666666667
0.25
0.4166666666666667
0.4583333333333333
0.4166666666666667
