train_auc: 0.6674659737215863
test_auc: 0.5290429296814896
train_rho: 0.32415752319596175
test_rho: 0.05443494990865125

train accuracy:
0.6082474226804123
0.6907216494845361
0.6494845360824743
0.6701030927835051
0.5979381443298969
0.6597938144329897
0.5979381443298969
0.6288659793814433
0.5979381443298969
0.5876288659793815
0.7525773195876289
0.5670103092783505
0.7010309278350515
0.6391752577319587
0.6597938144329897
0.6082474226804123
0.6391752577319587

test accuracy:
0.4
0.52
0.4
0.56
0.48
0.68
0.44
0.64
0.4
0.48
0.44
0.48
0.48
0.56
0.56
0.56
0.44
