train_auc: 0.6229686378793635
test_auc: 0.43114035087719293
train_rho: 0.14557866745882825
test_rho: -0.08507187431750496

train accuracy:
0.9175257731958762
0.32989690721649484
0.32989690721649484
0.5257731958762887
0.7731958762886598
0.23711340206185566
0.9278350515463918
0.35051546391752575
0.9278350515463918
0.6597938144329897
0.9278350515463918
0.31958762886597936
0.31958762886597936
0.5051546391752577
0.7216494845360825
0.35051546391752575
0.6082474226804123

test accuracy:
0.8
0.2
0.2
0.48
0.84
0.28
0.76
0.2
0.8
0.64
0.76
0.2
0.48
0.56
0.6
0.2
0.64
