train_auc: 0.7083353753165075
test_auc: 0.48947123688056327
train_rho: 0.2768017546562351
test_rho: -0.013251044025440965

train accuracy:
0.8247422680412371
0.8041237113402062
0.7938144329896907
0.6804123711340206
0.7938144329896907
0.6288659793814433
0.6804123711340206
0.8865979381443299
0.6907216494845361
0.6597938144329897
0.5773195876288659
0.7010309278350515
0.845360824742268
0.845360824742268
0.7422680412371134
0.8865979381443299
0.6494845360824743

test accuracy:
0.64
0.88
0.72
0.8
0.88
0.4
0.6
0.84
0.6
0.48
0.36
0.6
0.76
0.72
0.64
0.84
0.44
