train_auc: 0.5404789366727083
test_auc: 0.4160539215686274
train_rho: 0.08034628407441027
test_rho: -0.16765463711751974

train accuracy:
0.6804123711340206
0.3917525773195876
0.6494845360824743
0.6804123711340206
0.3917525773195876
0.6701030927835051
0.38144329896907214
0.36082474226804123
0.6804123711340206
0.6804123711340206
0.6701030927835051
0.4948453608247423
0.38144329896907214
0.6907216494845361
0.6804123711340206
0.6907216494845361
0.6494845360824743

test accuracy:
0.56
0.2
0.6
0.56
0.2
0.6
0.28
0.32
0.56
0.52
0.56
0.4
0.28
0.52
0.6
0.6
0.48
