train_auc: 0.6497879355324018
test_auc: 0.6065702727000299
train_rho: 0.2920447824973153
test_rho: 0.20713422836671241

train accuracy:
0.5773195876288659
0.6185567010309279
0.5670103092783505
0.7422680412371134
0.6082474226804123
0.6082474226804123
0.6082474226804123
0.5979381443298969
0.5876288659793815
0.6701030927835051
0.6082474226804123
0.5979381443298969
0.5773195876288659
0.6185567010309279
0.6185567010309279
0.6082474226804123
0.5876288659793815

test accuracy:
0.64
0.44
0.64
0.48
0.56
0.48
0.48
0.56
0.56
0.64
0.68
0.56
0.6
0.48
0.48
0.52
0.6
