train_auc: 0.6485417696490361
test_auc: 0.6098856209150326
train_rho: 0.29155347912883006
test_rho: 0.2185666049925988

train accuracy:
0.5773195876288659
0.6082474226804123
0.5773195876288659
0.5876288659793815
0.6804123711340206
0.6185567010309279
0.5876288659793815
0.5773195876288659
0.5567010309278351
0.6701030927835051
0.5979381443298969
0.5876288659793815
0.5979381443298969
0.6082474226804123
0.5876288659793815
0.6082474226804123
0.5773195876288659

test accuracy:
0.48
0.44
0.56
0.52
0.64
0.4
0.64
0.6
0.6
0.48
0.4
0.64
0.68
0.64
0.6
0.6
0.68
