train_auc: 0.6011937643445723
test_auc: 0.5283005907404864
train_rho: 0.20516482143404333
test_rho: 0.0585134784264521

train accuracy:
0.6597938144329897
0.6391752577319587
0.6082474226804123
0.7010309278350515
0.6288659793814433
0.7010309278350515
0.6907216494845361
0.6494845360824743
0.6288659793814433
0.6701030927835051
0.6082474226804123
0.5876288659793815
0.6597938144329897
0.6288659793814433
0.5979381443298969
0.6701030927835051
0.7010309278350515

test accuracy:
0.68
0.64
0.68
0.36
0.76
0.44
0.4
0.52
0.72
0.56
0.64
0.56
0.56
0.44
0.48
0.64
0.36
