train_auc: 0.6890260013706662
test_auc: 0.5210238821138211
train_rho: 0.22649444731291804
test_rho: 0.025087744502511364

train accuracy:
0.4536082474226804
0.4536082474226804
0.5463917525773195
0.4742268041237113
0.5154639175257731
0.6494845360824743
0.5979381443298969
0.4948453608247423
0.7216494845360825
0.4742268041237113
0.5257731958762887
0.5773195876288659
0.6597938144329897
0.4742268041237113
0.4536082474226804
0.4536082474226804
0.5360824742268041

test accuracy:
0.4
0.4
0.4
0.36
0.36
0.56
0.52
0.44
0.48
0.64
0.32
0.6
0.64
0.28
0.44
0.36
0.44
