train_auc: 0.6823648859731334
test_auc: 0.5550408520571929
train_rho: 0.3490399116858925
test_rho: 0.10691521097991749

train accuracy:
0.7422680412371134
0.6804123711340206
0.6701030927835051
0.5670103092783505
0.6185567010309279
0.6597938144329897
0.6288659793814433
0.6185567010309279
0.6907216494845361
0.6804123711340206
0.7731958762886598
0.6082474226804123
0.6597938144329897
0.6185567010309279
0.7010309278350515
0.6701030927835051
0.6185567010309279

test accuracy:
0.44
0.48
0.6
0.64
0.52
0.48
0.56
0.48
0.64
0.52
0.36
0.48
0.52
0.56
0.6
0.56
0.44
