train_auc: 0.6591353267320293
test_auc: 0.5696405044231131
train_rho: 0.30755584970992006
test_rho: 0.1425094908575368

train accuracy:
0.5773195876288659
0.7216494845360825
0.5670103092783505
0.5773195876288659
0.6185567010309279
0.6082474226804123
0.6804123711340206
0.5876288659793815
0.6185567010309279
0.5670103092783505
0.6597938144329897
0.5979381443298969
0.6391752577319587
0.5773195876288659
0.6391752577319587
0.6804123711340206
0.5670103092783505

test accuracy:
0.56
0.44
0.56
0.48
0.4
0.64
0.44
0.52
0.4
0.6
0.72
0.4
0.44
0.56
0.68
0.56
0.56
