train_auc: 0.8060090500810771
test_auc: 0.569318572903522
train_rho: 0.3951151111935905
test_rho: 0.09497779928240577

train accuracy:
0.7319587628865979
0.8144329896907216
0.7628865979381443
0.9072164948453608
0.711340206185567
0.8144329896907216
0.8041237113402062
0.6597938144329897
0.6701030927835051
0.7628865979381443
0.8350515463917526
0.7628865979381443
0.8865979381443299
0.8247422680412371
0.6907216494845361
0.8041237113402062
0.6804123711340206

test accuracy:
0.72
0.8
0.72
0.8
0.68
0.68
0.84
0.68
0.56
0.6
0.6
0.64
0.76
0.64
0.56
0.88
0.6
