train_auc: 0.530605291602049
test_auc: 0.3411249385950549
train_rho: 0.03919018444415365
test_rho: -0.17316774822696931

train accuracy:
0.12371134020618557
0.1134020618556701
0.1134020618556701
0.9072164948453608
0.9278350515463918
0.12371134020618557
0.1134020618556701
0.9072164948453608
0.1134020618556701
0.12371134020618557
0.9072164948453608
0.1134020618556701
0.1134020618556701
0.1134020618556701
0.12371134020618557
0.9072164948453608
0.9072164948453608

test accuracy:
0.08
0.08
0.04
0.88
0.8
0.0
0.04
0.88
0.04
0.04
0.88
0.04
0.04
0.04
0.0
0.84
0.88
