train_auc: 0.7473763304130989
test_auc: 0.45506224593495925
train_rho: 0.3005803999592077
test_rho: -0.053368889697548036

train accuracy:
0.7319587628865979
0.7216494845360825
0.5257731958762887
0.6494845360824743
0.5463917525773195
0.6494845360824743
0.5257731958762887
0.5979381443298969
0.711340206185567
0.7525773195876289
0.6288659793814433
0.6597938144329897
0.845360824742268
0.7525773195876289
0.6701030927835051
0.6288659793814433
0.6701030927835051

test accuracy:
0.4
0.48
0.64
0.64
0.52
0.4
0.32
0.64
0.56
0.52
0.48
0.44
0.68
0.48
0.6
0.56
0.6
