train_auc: 0.5364917937404543
test_auc: 0.35413764279743665
train_rho: 0.045899631357222186
test_rho: -0.17184076330068132

train accuracy:
0.12371134020618557
0.1134020618556701
0.9175257731958762
0.12371134020618557
0.9072164948453608
0.12371134020618557
0.1134020618556701
0.9072164948453608
0.1134020618556701
0.10309278350515463
0.14432989690721648
0.13402061855670103
0.9278350515463918
0.1134020618556701
0.9175257731958762
0.1134020618556701
0.9175257731958762

test accuracy:
0.08
0.04
0.84
0.0
0.88
0.0
0.08
0.88
0.04
0.08
0.12
0.08
0.8
0.04
0.84
0.04
0.84
