train_auc: 0.5676291277756778
test_auc: 0.3722126105344099
train_rho: 0.11177958378023573
test_rho: -0.21248146926096634

train accuracy: average 0.5324439053972104
0) 0.38144329896907214
1) 0.6494845360824743
2) 0.3917525773195876
3) 0.7010309278350515
4) 0.6804123711340206
5) 0.3711340206185567
6) 0.3711340206185567
7) 0.38144329896907214
8) 0.4020618556701031
9) 0.6494845360824743
10) 0.6494845360824743
11) 0.6907216494845361
12) 0.6494845360824743
13) 0.36082474226804123
14) 0.6804123711340206
15) 0.3711340206185567
16) 0.6701030927835051

test accuracy: average 0.4258823529411765
0) 0.28
1) 0.64
2) 0.2
3) 0.44
4) 0.52
5) 0.32
6) 0.28
7) 0.28
8) 0.2
9) 0.64
10) 0.64
11) 0.48
12) 0.64
13) 0.32
14) 0.52
15) 0.28
16) 0.56
