train_auc: 0.6482103952191389
test_auc: 0.5594448238852571
train_rho: 0.2869821937559472
test_rho: 0.11404117543510302

train accuracy:
0.6701030927835051
0.5979381443298969
0.5567010309278351
0.5670103092783505
0.7010309278350515
0.5670103092783505
0.6907216494845361
0.5979381443298969
0.5773195876288659
0.7319587628865979
0.5463917525773195
0.6185567010309279
0.6082474226804123
0.5979381443298969
0.6082474226804123
0.5876288659793815
0.5876288659793815

test accuracy:
0.44
0.44
0.56
0.52
0.56
0.56
0.64
0.44
0.56
0.6
0.6
0.76
0.44
0.52
0.52
0.48
0.48
