train_auc:               precision    recall  f1-score   support

           0       0.66      0.74      0.70       298
           1       0.56      0.54      0.55       252
           2       0.61      0.61      0.61       317
           3       0.62      0.52      0.56       173

   micro avg       0.62      0.62      0.62      1040
   macro avg       0.61      0.60      0.61      1040
weighted avg       0.61      0.62      0.61      1040

test_auc:               precision    recall  f1-score   support

           0       0.43      0.43      0.43        37
           1       0.31      0.39      0.34        28
           2       0.33      0.29      0.31        38
           3       0.14      0.12      0.13        17

   micro avg       0.33      0.33      0.33       120
   macro avg       0.30      0.31      0.30       120
weighted avg       0.33      0.33      0.33       120

train_rho: 0.5819607975143039
test_rho: 0.20706245441115226

train accuracy:
0.625
0.6009615384615384
0.6298076923076923
0.5961538461538461
0.625

test accuracy:
0.3333333333333333
0.3333333333333333
0.25
0.4166666666666667
0.3333333333333333
