train_auc: 0.6898020345278798
test_auc: 0.42646198830409354
train_rho: 0.22425858596938772
test_rho: -0.09053708649100582

train accuracy:
0.4742268041237113
0.6288659793814433
0.7628865979381443
0.4742268041237113
0.6907216494845361
0.9278350515463918
0.7835051546391752
0.4742268041237113
0.5360824742268041
0.6391752577319587
0.44329896907216493
0.5876288659793815
0.4845360824742268
0.5567010309278351
0.4845360824742268
0.4845360824742268
0.4536082474226804

test accuracy:
0.28
0.6
0.6
0.28
0.52
0.8
0.8
0.28
0.52
0.52
0.4
0.32
0.32
0.4
0.32
0.56
0.68
