train_auc: 0.8245671913783894
test_auc: 0.5901473942796982
train_rho: 0.5373018768800614
test_rho: 0.150857520400563

train accuracy: average 0.7675613934894345
0) 0.7766990291262136
1) 0.7572815533980582
2) 0.8155339805825242
3) 0.7475728155339806
4) 0.7766990291262136
5) 0.7475728155339806
6) 0.7864077669902912
7) 0.7184466019417476
8) 0.7184466019417476
9) 0.8058252427184466
10) 0.7766990291262136
11) 0.7961165048543689
12) 0.7087378640776699
13) 0.7766990291262136
14) 0.7766990291262136
15) 0.7864077669902912
16) 0.7766990291262136

test accuracy: average 0.5814479638009049
0) 0.5384615384615384
1) 0.5384615384615384
2) 0.4230769230769231
3) 0.6538461538461539
4) 0.5384615384615384
5) 0.7307692307692307
6) 0.5769230769230769
7) 0.5384615384615384
8) 0.6538461538461539
9) 0.46153846153846156
10) 0.7307692307692307
11) 0.5384615384615384
12) 0.5769230769230769
13) 0.6153846153846154
14) 0.5769230769230769
15) 0.6153846153846154
16) 0.5769230769230769
