train_auc: 0.6600306044622658
test_auc: 0.5430163918431066
train_rho: 0.3076437663220876
test_rho: 0.08213986025662325

train accuracy:
0.6391752577319587
0.6185567010309279
0.5567010309278351
0.5773195876288659
0.6907216494845361
0.6597938144329897
0.6907216494845361
0.5979381443298969
0.5773195876288659
0.7319587628865979
0.5670103092783505
0.6494845360824743
0.6082474226804123
0.6082474226804123
0.6804123711340206
0.5876288659793815
0.6907216494845361

test accuracy:
0.32
0.48
0.6
0.52
0.6
0.64
0.6
0.44
0.56
0.56
0.6
0.76
0.44
0.36
0.56
0.44
0.52
