train_auc: 0.7474449382154377
test_auc: 0.5260097919216646
train_rho: 0.30674251291260907
test_rho: 0.030298393621754138

train accuracy:
0.5567010309278351
0.5567010309278351
0.7216494845360825
0.6907216494845361
0.6597938144329897
0.845360824742268
0.5051546391752577
0.5567010309278351
0.8865979381443299
0.7835051546391752
0.7525773195876289
0.8350515463917526
0.7010309278350515
0.5257731958762887
0.6288659793814433
0.7731958762886598
0.6701030927835051

test accuracy:
0.12
0.56
0.64
0.68
0.48
0.68
0.48
0.52
0.76
0.64
0.64
0.64
0.76
0.4
0.72
0.72
0.6
