train_auc: 0.6375620332214207
test_auc: 0.5016899766899766
train_rho: 0.26367462469144165
test_rho: 0.0033288982844353315

train accuracy:
0.6082474226804123
0.6804123711340206
0.6288659793814433
0.6701030927835051
0.6494845360824743
0.711340206185567
0.6597938144329897
0.5876288659793815
0.711340206185567
0.6288659793814433
0.711340206185567
0.6288659793814433
0.6391752577319587
0.6185567010309279
0.6185567010309279
0.5876288659793815
0.6288659793814433

test accuracy:
0.52
0.72
0.48
0.52
0.52
0.48
0.52
0.56
0.52
0.36
0.44
0.6
0.64
0.48
0.52
0.48
0.44
