train_auc: 0.7164707857622565
test_auc: 0.5880756382724888
train_rho: 0.2571616848745537
test_rho: 0.10732895198341676

train accuracy:
0.5773195876288659
0.4329896907216495
0.6391752577319587
0.5773195876288659
0.6082474226804123
0.5567010309278351
0.4948453608247423
0.4639175257731959
0.7216494845360825
0.6804123711340206
0.7731958762886598
0.7319587628865979
0.7835051546391752
0.5463917525773195
0.5257731958762887
0.7319587628865979
0.5051546391752577

test accuracy:
0.52
0.48
0.44
0.44
0.52
0.48
0.24
0.48
0.76
0.52
0.76
0.52
0.6
0.56
0.44
0.76
0.52
