train_auc: 0.6154950278116293
test_auc: 0.5909774436090226
train_rho: 0.23178544221993524
test_rho: 0.17922661299493664

train accuracy:
0.5567010309278351
0.5257731958762887
0.5773195876288659
0.5257731958762887
0.5670103092783505
0.5773195876288659
0.5876288659793815
0.5670103092783505
0.5670103092783505
0.5670103092783505
0.5567010309278351
0.5567010309278351
0.5773195876288659
0.6082474226804123
0.5567010309278351
0.5670103092783505
0.5567010309278351

test accuracy:
0.56
0.68
0.48
0.68
0.52
0.48
0.44
0.52
0.52
0.52
0.56
0.56
0.48
0.36
0.56
0.52
0.56
