train_auc: 0.6508892423366107
test_auc: 0.5402366573378504
train_rho: 0.2908066640895679
test_rho: 0.07816443935123983

train accuracy:
0.5979381443298969
0.7216494845360825
0.6185567010309279
0.6082474226804123
0.5463917525773195
0.5876288659793815
0.6288659793814433
0.6288659793814433
0.5773195876288659
0.6082474226804123
0.5773195876288659
0.6494845360824743
0.6082474226804123
0.6391752577319587
0.6494845360824743
0.6907216494845361
0.6185567010309279

test accuracy:
0.32
0.52
0.48
0.48
0.4
0.48
0.6
0.4
0.52
0.72
0.4
0.56
0.68
0.6
0.4
0.4
0.6
