train_auc: 0.8420831428529295
test_auc: 0.270996640537514
train_rho: 0.25416582046249486
test_rho: -0.16090083681806025

train accuracy: average 0.6394874781595806
0) 0.5247524752475248
1) 0.5544554455445545
2) 0.7029702970297029
3) 0.45544554455445546
4) 0.594059405940594
5) 0.7623762376237624
6) 0.5247524752475248
7) 0.6435643564356436
8) 0.8514851485148515
9) 0.504950495049505
10) 0.5841584158415841
11) 0.5148514851485149
12) 0.8316831683168316
13) 0.5544554455445545
14) 0.9306930693069307
15) 0.7623762376237624
16) 0.5742574257425742

test accuracy: average 0.5678733031674208
0) 0.5
1) 0.46153846153846156
2) 0.5769230769230769
3) 0.4230769230769231
4) 0.5384615384615384
5) 0.6538461538461539
6) 0.2692307692307692
7) 0.4230769230769231
8) 0.7692307692307693
9) 0.5
10) 0.5769230769230769
11) 0.6153846153846154
12) 0.6923076923076923
13) 0.6923076923076923
14) 0.8076923076923077
15) 0.6538461538461539
16) 0.5
