train_auc: 0.8208863585621791
test_auc: 0.6137820512820512
train_rho: 0.43245930891822537
test_rho: 0.16494465930390595

train accuracy:
0.8556701030927835
0.7835051546391752
0.8762886597938144
0.8041237113402062
0.7835051546391752
0.7835051546391752
0.7731958762886598
0.7731958762886598
0.7216494845360825
0.7319587628865979
0.845360824742268
0.8350515463917526
0.8144329896907216
0.8865979381443299
0.8762886597938144
0.8144329896907216
0.8247422680412371

test accuracy:
0.76
0.72
0.8
0.56
0.8
0.56
0.8
0.8
0.84
0.8
0.84
0.72
0.64
0.64
0.84
0.76
0.6
