train_auc: 0.5181551635499004
test_auc: 0.42849953355918885
train_rho: 0.03480494291471158
test_rho: -0.13605394632975143

train accuracy:
0.6494845360824743
0.6701030927835051
0.36082474226804123
0.36082474226804123
0.6494845360824743
0.6597938144329897
0.6597938144329897
0.38144329896907214
0.36082474226804123
0.6597938144329897
0.3711340206185567
0.6804123711340206
0.6597938144329897
0.3917525773195876
0.3711340206185567
0.38144329896907214
0.6597938144329897

test accuracy:
0.64
0.56
0.32
0.32
0.64
0.6
0.6
0.24
0.32
0.6
0.28
0.52
0.6
0.2
0.28
0.24
0.6
