train_auc: 0.7859786499874746
test_auc: 0.5358038450821956
train_rho: 0.35944007186570603
test_rho: 0.04188301628257184

train accuracy:
0.8041237113402062
0.5979381443298969
0.7938144329896907
0.4948453608247423
0.8144329896907216
0.6804123711340206
0.6391752577319587
0.7938144329896907
0.6082474226804123
0.5876288659793815
0.6907216494845361
0.6907216494845361
0.8556701030927835
0.7628865979381443
0.7319587628865979
0.7731958762886598
0.845360824742268

test accuracy:
0.8
0.48
0.76
0.4
0.64
0.4
0.64
0.6
0.56
0.48
0.68
0.64
0.76
0.64
0.68
0.76
0.64
