train_auc: 0.9334750503468338
test_auc: 0.4488151658767773
train_rho: 0.3202213705123829
test_rho: -0.03685377573180474

train accuracy: average 0.8794408852649971
0) 0.8514851485148515
1) 0.9504950495049505
2) 0.9108910891089109
3) 0.9108910891089109
4) 0.8217821782178217
5) 0.8118811881188119
6) 0.9306930693069307
7) 0.9603960396039604
8) 0.8316831683168316
9) 0.7821782178217822
10) 0.9504950495049505
11) 0.8514851485148515
12) 0.8316831683168316
13) 0.8514851485148515
14) 0.9306930693069307
15) 0.8613861386138614
16) 0.9108910891089109

test accuracy: average 0.7171945701357466
0) 0.7307692307692307
1) 0.7692307692307693
2) 0.6923076923076923
3) 0.6153846153846154
4) 0.6923076923076923
5) 0.6153846153846154
6) 0.7307692307692307
7) 0.8461538461538461
8) 0.7692307692307693
9) 0.7307692307692307
10) 0.8076923076923077
11) 0.6538461538461539
12) 0.6538461538461539
13) 0.7307692307692307
14) 0.6923076923076923
15) 0.6538461538461539
16) 0.8076923076923077
