train_auc: 0.5988630746416214
test_auc: 0.47487745098039214
train_rho: 0.19434060252739535
test_rho: -0.050704067506503914

train accuracy:
0.6804123711340206
0.4536082474226804
0.6391752577319587
0.6288659793814433
0.5979381443298969
0.6701030927835051
0.5257731958762887
0.6288659793814433
0.6288659793814433
0.7010309278350515
0.6597938144329897
0.7010309278350515
0.5876288659793815
0.6907216494845361
0.6185567010309279
0.6391752577319587
0.5876288659793815

test accuracy:
0.52
0.28
0.72
0.6
0.4
0.6
0.36
0.56
0.48
0.4
0.68
0.48
0.52
0.56
0.6
0.52
0.56
