train_auc: 0.6794304229777497
test_auc: 0.5585669255882022
train_rho: 0.2107628626305471
test_rho: 0.0736430433285309

train accuracy:
0.4329896907216495
0.6597938144329897
0.4948453608247423
0.6288659793814433
0.5567010309278351
0.5670103092783505
0.4845360824742268
0.4742268041237113
0.7628865979381443
0.44329896907216493
0.6597938144329897
0.4639175257731959
0.4020618556701031
0.7938144329896907
0.44329896907216493
0.4536082474226804
0.6082474226804123

test accuracy:
0.44
0.44
0.44
0.64
0.56
0.32
0.36
0.32
0.76
0.4
0.56
0.52
0.56
0.56
0.48
0.56
0.52
