train_auc: 0.7183554398925454
test_auc: 0.5666607015032211
train_rho: 0.2590555523603719
test_rho: 0.08123811244079647

train accuracy:
0.5360824742268041
0.4329896907216495
0.6391752577319587
0.5773195876288659
0.5670103092783505
0.5463917525773195
0.4948453608247423
0.4639175257731959
0.711340206185567
0.7010309278350515
0.7731958762886598
0.7422680412371134
0.7628865979381443
0.5360824742268041
0.5257731958762887
0.7216494845360825
0.5051546391752577

test accuracy:
0.52
0.48
0.48
0.44
0.4
0.48
0.24
0.48
0.76
0.64
0.76
0.56
0.56
0.52
0.4
0.76
0.52
