train_auc: 0.6351349161332145
test_auc: 0.5293159996197357
train_rho: 0.26374912342689477
test_rho: 0.059788481068348456

train accuracy:
0.6907216494845361
0.6804123711340206
0.711340206185567
0.6494845360824743
0.7010309278350515
0.5257731958762887
0.5360824742268041
0.711340206185567
0.711340206185567
0.6597938144329897
0.6597938144329897
0.6494845360824743
0.6804123711340206
0.6701030927835051
0.6391752577319587
0.6597938144329897
0.6082474226804123

test accuracy:
0.6
0.56
0.56
0.56
0.6
0.52
0.76
0.52
0.56
0.52
0.64
0.48
0.48
0.68
0.52
0.6
0.52
