train_auc:               precision    recall  f1-score   support

           0       0.59      0.72      0.65       291
           1       0.56      0.45      0.50       251
           2       0.60      0.60      0.60       327
           3       0.57      0.52      0.54       171

   micro avg       0.58      0.58      0.58      1040
   macro avg       0.58      0.57      0.57      1040
weighted avg       0.58      0.58      0.58      1040

test_auc:               precision    recall  f1-score   support

           0       0.56      0.64      0.60        44
           1       0.33      0.38      0.35        29
           2       0.35      0.29      0.31        28
           3       0.36      0.26      0.30        19

   micro avg       0.43      0.43      0.43       120
   macro avg       0.40      0.39      0.39       120
weighted avg       0.42      0.43      0.43       120

train_rho: 0.5229519642902153
test_rho: 0.2786202665271761

train accuracy:
0.5769230769230769
0.6153846153846154
0.5721153846153846
0.5817307692307693
0.5769230769230769

test accuracy:
0.4166666666666667
0.20833333333333334
0.5416666666666666
0.4583333333333333
0.5416666666666666
