train_auc: 0.6205923950771067
test_auc: 0.5901957995543545
train_rho: 0.23672459164578202
test_rho: 0.18388125781545814

train accuracy:
0.5360824742268041
0.5876288659793815
0.5463917525773195
0.5567010309278351
0.5670103092783505
0.6597938144329897
0.5670103092783505
0.5567010309278351
0.5463917525773195
0.5567010309278351
0.5876288659793815
0.5567010309278351
0.5773195876288659
0.5670103092783505
0.6391752577319587
0.5670103092783505
0.5567010309278351

test accuracy:
0.64
0.44
0.6
0.6
0.52
0.36
0.6
0.56
0.6
0.56
0.44
0.56
0.48
0.52
0.6
0.56
0.6
