train_auc: 0.666762998621077
test_auc: 0.49780868902439024
train_rho: 0.19927149134597374
test_rho: -0.0025881624473111232

train accuracy:
0.44329896907216493
0.5360824742268041
0.5360824742268041
0.44329896907216493
0.6804123711340206
0.6185567010309279
0.5670103092783505
0.4948453608247423
0.4536082474226804
0.7010309278350515
0.44329896907216493
0.7010309278350515
0.422680412371134
0.6597938144329897
0.6082474226804123
0.41237113402061853
0.4948453608247423

test accuracy:
0.4
0.44
0.6
0.44
0.64
0.6
0.6
0.56
0.36
0.64
0.4
0.52
0.56
0.64
0.48
0.4
0.32
