train_auc: 0.7292686382606008
test_auc: 0.505222148541114
train_rho: 0.2726754860357042
test_rho: 0.006680849363265876

train accuracy:
0.6804123711340206
0.4948453608247423
0.5670103092783505
0.7319587628865979
0.6597938144329897
0.8556701030927835
0.6288659793814433
0.7010309278350515
0.5670103092783505
0.6391752577319587
0.5360824742268041
0.6288659793814433
0.7216494845360825
0.8041237113402062
0.711340206185567
0.5463917525773195
0.5773195876288659

test accuracy:
0.52
0.4
0.48
0.68
0.6
0.64
0.64
0.48
0.48
0.68
0.52
0.48
0.68
0.56
0.52
0.56
0.56
