train_auc: 0.5966591038003404
test_auc: 0.46942437494058376
train_rho: 0.18433213465851275
test_rho: -0.059030226370610804

train accuracy:
0.5979381443298969
0.6907216494845361
0.5463917525773195
0.5773195876288659
0.5670103092783505
0.6288659793814433
0.711340206185567
0.5463917525773195
0.5463917525773195
0.4536082474226804
0.5876288659793815
0.5360824742268041
0.7010309278350515
0.5773195876288659
0.5876288659793815
0.5051546391752577
0.5257731958762887

test accuracy:
0.56
0.48
0.52
0.44
0.4
0.6
0.4
0.44
0.6
0.32
0.52
0.44
0.44
0.4
0.28
0.56
0.6
