train_auc: 0.669069006044325
test_auc: 0.5683607730851825
train_rho: 0.20293460375555317
test_rho: 0.08519313199042448

train accuracy:
0.7731958762886598
0.4639175257731959
0.4536082474226804
0.4639175257731959
0.44329896907216493
0.422680412371134
0.422680412371134
0.4020618556701031
0.5773195876288659
0.44329896907216493
0.422680412371134
0.4639175257731959
0.422680412371134
0.4536082474226804
0.711340206185567
0.6082474226804123
0.4329896907216495

test accuracy:
0.6
0.32
0.36
0.56
0.4
0.48
0.48
0.56
0.4
0.4
0.48
0.32
0.48
0.36
0.44
0.44
0.44
