train_auc: 0.6501665611925606
test_auc: 0.5335378428541968
train_rho: 0.1738480003413718
test_rho: 0.04396058637122324

train accuracy:
0.5463917525773195
0.8556701030927835
0.5051546391752577
0.9278350515463918
0.5154639175257731
0.4536082474226804
0.6494845360824743
0.7010309278350515
0.422680412371134
0.4845360824742268
0.4329896907216495
0.5567010309278351
0.6907216494845361
0.38144329896907214
0.5979381443298969
0.422680412371134
0.4329896907216495

test accuracy:
0.48
0.72
0.44
0.8
0.44
0.36
0.56
0.56
0.48
0.24
0.48
0.56
0.6
0.44
0.68
0.48
0.44
