train_auc: 0.8406241434495442
test_auc: 0.5395871373503753
train_rho: 0.45061907546606755
test_rho: 0.05379588424940717

train accuracy:
0.865979381443299
0.7525773195876289
0.6288659793814433
0.7835051546391752
0.8247422680412371
0.7319587628865979
0.9072164948453608
0.9484536082474226
0.7319587628865979
0.8041237113402062
0.845360824742268
0.8041237113402062
0.8144329896907216
0.9175257731958762
0.7422680412371134
0.7628865979381443
0.9587628865979382

test accuracy:
0.72
0.32
0.64
0.6
0.64
0.52
0.72
0.68
0.72
0.64
0.48
0.48
0.52
0.72
0.48
0.68
0.72
