train_auc: 0.532646211264233
test_auc: 0.3732533028455285
train_rho: 0.03905028333345948
test_rho: -0.1499001782790607

train accuracy:
0.9175257731958762
0.12371134020618557
0.12371134020618557
0.1134020618556701
0.9278350515463918
0.12371134020618557
0.9072164948453608
0.1134020618556701
0.9072164948453608
0.1134020618556701
0.9175257731958762
0.9072164948453608
0.10309278350515463
0.10309278350515463
0.9072164948453608
0.9072164948453608
0.9072164948453608

test accuracy:
0.84
0.04
0.0
0.04
0.8
0.04
0.88
0.08
0.88
0.04
0.84
0.88
0.08
0.08
0.88
0.88
0.84
