train_auc: 0.7740682115571315
test_auc: 0.5615497076023391
train_rho: 0.33977929521629513
test_rho: 0.07807988113758042

train accuracy:
0.7216494845360825
0.7422680412371134
0.4948453608247423
0.7628865979381443
0.8247422680412371
0.7422680412371134
0.5979381443298969
0.8247422680412371
0.5360824742268041
0.8041237113402062
0.5051546391752577
0.8041237113402062
0.8041237113402062
0.6185567010309279
0.7731958762886598
0.8041237113402062
0.8556701030927835

test accuracy:
0.8
0.68
0.24
0.84
0.76
0.48
0.52
0.76
0.48
0.68
0.24
0.72
0.64
0.48
0.84
0.76
0.6
