train_auc: 0.720808848220282
test_auc: 0.5767120019088523
train_rho: 0.2619070812332691
test_rho: 0.09348122739632506

train accuracy:
0.5360824742268041
0.4329896907216495
0.6391752577319587
0.5670103092783505
0.5670103092783505
0.5360824742268041
0.4948453608247423
0.4639175257731959
0.711340206185567
0.6907216494845361
0.7731958762886598
0.7422680412371134
0.7731958762886598
0.5360824742268041
0.5360824742268041
0.7216494845360825
0.5051546391752577

test accuracy:
0.52
0.48
0.48
0.44
0.4
0.48
0.24
0.48
0.76
0.64
0.76
0.56
0.56
0.52
0.4
0.76
0.52
