train_auc: 0.650785629624884
test_auc: 0.4409620265764197
train_rho: 0.2892762655514027
test_rho: -0.11139609053998246

train accuracy:
0.6907216494845361
0.7422680412371134
0.6804123711340206
0.7216494845360825
0.6907216494845361
0.6701030927835051
0.6288659793814433
0.5773195876288659
0.5773195876288659
0.6494845360824743
0.6597938144329897
0.5773195876288659
0.711340206185567
0.7010309278350515
0.6082474226804123
0.4742268041237113
0.5979381443298969

test accuracy:
0.28
0.44
0.6
0.44
0.36
0.4
0.6
0.48
0.52
0.36
0.56
0.52
0.4
0.56
0.44
0.28
0.4
