train_auc: 0.686771347769195
test_auc: 0.5302631578947369
train_rho: 0.22111267065024398
test_rho: 0.037404137743379924

train accuracy:
0.7422680412371134
0.5257731958762887
0.5051546391752577
0.5051546391752577
0.4536082474226804
0.3917525773195876
0.6907216494845361
0.4536082474226804
0.7525773195876289
0.5257731958762887
0.7525773195876289
0.5154639175257731
0.422680412371134
0.4639175257731959
0.4742268041237113
0.4329896907216495
0.4948453608247423

test accuracy:
0.56
0.32
0.36
0.4
0.4
0.6
0.64
0.36
0.6
0.52
0.64
0.36
0.56
0.32
0.52
0.48
0.44
