train_auc: 0.534784242072369
test_auc: 0.3817966903073286
train_rho: 0.04090805166182927
test_rho: -0.14854163661848707

train accuracy:
0.12371134020618557
0.10309278350515463
0.9072164948453608
0.9278350515463918
0.1134020618556701
0.10309278350515463
0.9072164948453608
0.9381443298969072
0.10309278350515463
0.10309278350515463
0.10309278350515463
0.10309278350515463
0.10309278350515463
0.9072164948453608
0.9072164948453608
0.9175257731958762
0.9278350515463918

test accuracy:
0.0
0.08
0.88
0.8
0.04
0.08
0.88
0.76
0.08
0.08
0.08
0.08
0.08
0.88
0.88
0.84
0.8
