train_auc: 0.5285727702737317
test_auc: 0.4029044241810199
train_rho: 0.03360304243650261
test_rho: -0.12201634436518581

train accuracy:
0.9072164948453608
0.9072164948453608
0.1134020618556701
0.9175257731958762
0.10309278350515463
0.10309278350515463
0.9072164948453608
0.10309278350515463
0.9381443298969072
0.9175257731958762
0.9072164948453608
0.10309278350515463
0.10309278350515463
0.9072164948453608
0.10309278350515463
0.9175257731958762
0.1134020618556701

test accuracy:
0.88
0.88
0.04
0.84
0.08
0.08
0.88
0.08
0.76
0.84
0.88
0.08
0.08
0.88
0.08
0.84
0.04
