train_auc: 0.657167192042649
test_auc: 0.5651515151515152
train_rho: 0.3038541636685006
test_rho: 0.12551946212905588

train accuracy:
0.5979381443298969
0.5979381443298969
0.5876288659793815
0.5773195876288659
0.5463917525773195
0.6804123711340206
0.6082474226804123
0.6288659793814433
0.7216494845360825
0.5876288659793815
0.5670103092783505
0.6494845360824743
0.6082474226804123
0.5979381443298969
0.6494845360824743
0.6804123711340206
0.6701030927835051

test accuracy:
0.52
0.6
0.64
0.48
0.68
0.52
0.68
0.6
0.36
0.56
0.56
0.4
0.48
0.44
0.52
0.52
0.64
