train_auc: 0.5468638435766464
test_auc: 0.42075163398692805
train_rho: 0.09263046917081992
test_rho: -0.1576279604779337

train accuracy:
0.6804123711340206
0.6494845360824743
0.6494845360824743
0.6701030927835051
0.6804123711340206
0.41237113402061853
0.6907216494845361
0.6907216494845361
0.3917525773195876
0.4742268041237113
0.6597938144329897
0.711340206185567
0.3711340206185567
0.3917525773195876
0.6701030927835051
0.41237113402061853
0.6804123711340206

test accuracy:
0.52
0.56
0.64
0.6
0.52
0.16
0.52
0.56
0.24
0.28
0.6
0.64
0.28
0.32
0.6
0.28
0.56
