train_auc: 0.6528644608227485
test_auc: 0.3939990162321692
train_rho: 0.26455130494413676
test_rho: -0.1835074376881586

train accuracy: average 0.608223872073101
0) 0.6019417475728155
1) 0.6213592233009708
2) 0.5728155339805825
3) 0.6407766990291263
4) 0.6601941747572816
5) 0.5631067961165048
6) 0.6407766990291263
7) 0.5631067961165048
8) 0.6213592233009708
9) 0.6699029126213593
10) 0.5825242718446602
11) 0.5922330097087378
12) 0.5728155339805825
13) 0.6504854368932039
14) 0.5825242718446602
15) 0.6116504854368932
16) 0.5922330097087378

test accuracy: average 0.4253393665158371
0) 0.3076923076923077
1) 0.5384615384615384
2) 0.34615384615384615
3) 0.5
4) 0.46153846153846156
5) 0.3076923076923077
6) 0.5
7) 0.4230769230769231
8) 0.5
9) 0.46153846153846156
10) 0.6153846153846154
11) 0.34615384615384615
12) 0.2692307692307692
13) 0.34615384615384615
14) 0.5
15) 0.46153846153846156
16) 0.34615384615384615
