train_auc: 0.7406640050306108
test_auc: 0.590728476821192
train_rho: 0.39870263326385985
test_rho: 0.1462111773917682

train accuracy: average 0.6715200931857892
0) 0.6435643564356436
1) 0.693069306930693
2) 0.6732673267326733
3) 0.6732673267326733
4) 0.6831683168316832
5) 0.6534653465346535
6) 0.6831683168316832
7) 0.6534653465346535
8) 0.6435643564356436
9) 0.693069306930693
10) 0.7029702970297029
11) 0.6732673267326733
12) 0.6435643564356436
13) 0.6732673267326733
14) 0.693069306930693
15) 0.6831683168316832
16) 0.6534653465346535

test accuracy: average 0.5678733031674208
0) 0.6923076923076923
1) 0.46153846153846156
2) 0.6153846153846154
3) 0.46153846153846156
4) 0.6153846153846154
5) 0.6923076923076923
6) 0.5
7) 0.5384615384615384
8) 0.6153846153846154
9) 0.6153846153846154
10) 0.46153846153846156
11) 0.6923076923076923
12) 0.5769230769230769
13) 0.5769230769230769
14) 0.34615384615384615
15) 0.5384615384615384
16) 0.6538461538461539
