train_auc: 0.6754631428941573
test_auc: 0.456306990881459
train_rho: 0.20538934870006567
test_rho: -0.0558219542187048

train accuracy:
0.4639175257731959
0.6288659793814433
0.7835051546391752
0.5670103092783505
0.4329896907216495
0.422680412371134
0.8247422680412371
0.8556701030927835
0.6907216494845361
0.4536082474226804
0.4639175257731959
0.6494845360824743
0.7525773195876289
0.4845360824742268
0.3917525773195876
0.5670103092783505
0.5979381443298969

test accuracy:
0.32
0.6
0.52
0.4
0.44
0.56
0.64
0.6
0.56
0.4
0.28
0.48
0.44
0.56
0.52
0.28
0.52
