train_auc: 0.5292502780519135
test_auc: 0.3423939741280498
train_rho: 0.03751306268372875
test_rho: -0.1715219854598744

train accuracy:
0.10309278350515463
0.10309278350515463
0.1134020618556701
0.9072164948453608
0.9278350515463918
0.12371134020618557
0.1134020618556701
0.9072164948453608
0.1134020618556701
0.1134020618556701
0.9072164948453608
0.1134020618556701
0.1134020618556701
0.1134020618556701
0.12371134020618557
0.9072164948453608
0.9072164948453608

test accuracy:
0.08
0.08
0.04
0.88
0.8
0.0
0.04
0.88
0.04
0.04
0.88
0.04
0.04
0.04
0.0
0.88
0.88
