train_auc: 0.646759581881533
test_auc: 0.5932716988306873
train_rho: 0.2834989223004207
test_rho: 0.18012902004442977

train accuracy:
0.5979381443298969
0.5773195876288659
0.5567010309278351
0.6804123711340206
0.6082474226804123
0.5979381443298969
0.5257731958762887
0.7216494845360825
0.711340206185567
0.5876288659793815
0.5670103092783505
0.6185567010309279
0.7010309278350515
0.5670103092783505
0.5876288659793815
0.5567010309278351
0.5773195876288659

test accuracy:
0.48
0.6
0.56
0.64
0.52
0.44
0.72
0.52
0.6
0.76
0.56
0.52
0.6
0.6
0.52
0.56
0.72
