train_auc: 0.7047676332784601
test_auc: 0.49371345029239766
train_rho: 0.24176657372258656
test_rho: -0.00774490149614255

train accuracy:
0.4742268041237113
0.4329896907216495
0.7525773195876289
0.4742268041237113
0.7216494845360825
0.7628865979381443
0.8350515463917526
0.4742268041237113
0.6082474226804123
0.7010309278350515
0.44329896907216493
0.5876288659793815
0.4639175257731959
0.6082474226804123
0.4639175257731959
0.41237113402061853
0.5257731958762887

test accuracy:
0.28
0.44
0.56
0.28
0.64
0.64
0.76
0.28
0.56
0.56
0.4
0.44
0.32
0.36
0.32
0.52
0.8
