train_auc: 0.585971735407564
test_auc: 0.3802317450804116
train_rho: 0.1427577605446767
test_rho: -0.19534996747464015

train accuracy: average 0.48453608247422686
0) 0.3711340206185567
1) 0.4020618556701031
2) 0.38144329896907214
3) 0.36082474226804123
4) 0.6804123711340206
5) 0.3917525773195876
6) 0.38144329896907214
7) 0.6597938144329897
8) 0.38144329896907214
9) 0.6907216494845361
10) 0.6804123711340206
11) 0.3711340206185567
12) 0.3917525773195876
13) 0.3711340206185567
14) 0.6804123711340206
15) 0.6701030927835051
16) 0.3711340206185567

test accuracy: average 0.35529411764705887
0) 0.28
1) 0.16
2) 0.24
3) 0.32
4) 0.52
5) 0.2
6) 0.24
7) 0.6
8) 0.28
9) 0.48
10) 0.52
11) 0.32
12) 0.2
13) 0.28
14) 0.52
15) 0.56
16) 0.32
