train_auc: 0.6726655348047539
test_auc: 0.49369183297665853
train_rho: 0.33130619976160736
test_rho: -0.012052482243870804

train accuracy:
0.7525773195876289
0.7731958762886598
0.6701030927835051
0.6804123711340206
0.711340206185567
0.6804123711340206
0.5670103092783505
0.5979381443298969
0.6082474226804123
0.6391752577319587
0.5979381443298969
0.5979381443298969
0.711340206185567
0.7319587628865979
0.5979381443298969
0.5670103092783505
0.5979381443298969

test accuracy:
0.36
0.44
0.48
0.52
0.32
0.48
0.56
0.44
0.48
0.44
0.52
0.4
0.48
0.52
0.52
0.56
0.44
