train_auc: 0.7916740952041361
test_auc: 0.5541757485373409
train_rho: 0.37638098593184793
test_rho: 0.07556578577986722

train accuracy:
0.7628865979381443
0.7938144329896907
0.7731958762886598
0.8350515463917526
0.7525773195876289
0.7835051546391752
0.8762886597938144
0.7216494845360825
0.6288659793814433
0.7628865979381443
0.8247422680412371
0.711340206185567
0.7525773195876289
0.8350515463917526
0.6804123711340206
0.9072164948453608
0.6288659793814433

test accuracy:
0.8
0.68
0.72
0.8
0.8
0.72
0.8
0.76
0.48
0.64
0.64
0.6
0.8
0.64
0.52
0.84
0.64
