train_auc: 0.6869643563842556
test_auc: 0.5566064571184753
train_rho: 0.35615563885037926
test_rho: 0.10971843577977963

train accuracy:
0.6288659793814433
0.6494845360824743
0.6597938144329897
0.7319587628865979
0.6185567010309279
0.7422680412371134
0.6804123711340206
0.6082474226804123
0.6494845360824743
0.6597938144329897
0.6288659793814433
0.6701030927835051
0.7422680412371134
0.6597938144329897
0.6701030927835051
0.6597938144329897
0.6804123711340206

test accuracy:
0.68
0.56
0.52
0.56
0.52
0.44
0.56
0.64
0.68
0.6
0.4
0.36
0.48
0.48
0.76
0.48
0.52
