train_auc: 0.6967648977367495
test_auc: 0.5210238821138211
train_rho: 0.2352946621108551
test_rho: 0.025087744502511364

train accuracy:
0.4536082474226804
0.4536082474226804
0.6907216494845361
0.4742268041237113
0.5154639175257731
0.6907216494845361
0.5773195876288659
0.5051546391752577
0.7938144329896907
0.4845360824742268
0.5463917525773195
0.5670103092783505
0.6391752577319587
0.4742268041237113
0.4536082474226804
0.4536082474226804
0.5257731958762887

test accuracy:
0.4
0.4
0.4
0.36
0.36
0.56
0.44
0.44
0.52
0.64
0.32
0.64
0.64
0.28
0.44
0.36
0.44
