train_auc: 0.802448327328097
test_auc: 0.5394664132092571
train_rho: 0.49696964287405
test_rho: 0.06579050526306374

train accuracy: average 0.7309260337798485
0) 0.7722772277227723
1) 0.7227722772277227
2) 0.7029702970297029
3) 0.693069306930693
4) 0.7623762376237624
5) 0.7425742574257426
6) 0.7623762376237624
7) 0.7326732673267327
8) 0.7326732673267327
9) 0.6831683168316832
10) 0.6831683168316832
11) 0.7524752475247525
12) 0.7128712871287128
13) 0.7227722772277227
14) 0.7326732673267327
15) 0.7524752475247525
16) 0.7623762376237624

test accuracy: average 0.5316742081447964
0) 0.6923076923076923
1) 0.6153846153846154
2) 0.5
3) 0.6923076923076923
4) 0.5384615384615384
5) 0.5384615384615384
6) 0.4230769230769231
7) 0.46153846153846156
8) 0.5
9) 0.6153846153846154
10) 0.6153846153846154
11) 0.46153846153846156
12) 0.5384615384615384
13) 0.5
14) 0.5384615384615384
15) 0.4230769230769231
16) 0.38461538461538464
