train_auc: 0.7820353720822253
test_auc: 0.5654970760233918
train_rho: 0.35008791690038527
test_rho: 0.0833999497521438

train accuracy:
0.7319587628865979
0.7422680412371134
0.4948453608247423
0.7835051546391752
0.8350515463917526
0.7422680412371134
0.5979381443298969
0.8247422680412371
0.5360824742268041
0.8144329896907216
0.5051546391752577
0.8041237113402062
0.8144329896907216
0.6185567010309279
0.7835051546391752
0.8041237113402062
0.8556701030927835

test accuracy:
0.76
0.68
0.24
0.88
0.84
0.48
0.52
0.76
0.48
0.68
0.24
0.72
0.68
0.48
0.84
0.76
0.6
