train_auc: 0.5171040299906279
test_auc: 0.4334330318062446
train_rho: 0.03275172392980913
test_rho: -0.12727121536498542

train accuracy:
0.6494845360824743
0.6804123711340206
0.6701030927835051
0.6597938144329897
0.6701030927835051
0.36082474226804123
0.36082474226804123
0.6804123711340206
0.3711340206185567
0.4020618556701031
0.36082474226804123
0.36082474226804123
0.36082474226804123
0.6494845360824743
0.3711340206185567
0.6494845360824743
0.36082474226804123

test accuracy:
0.64
0.52
0.56
0.6
0.56
0.32
0.32
0.52
0.28
0.16
0.32
0.32
0.32
0.64
0.28
0.64
0.32
