train_auc: 0.6637145054100071
test_auc: 0.5400326797385622
train_rho: 0.3125016543922293
test_rho: 0.07689872828522558

train accuracy:
0.6185567010309279
0.5773195876288659
0.6597938144329897
0.6494845360824743
0.7010309278350515
0.7010309278350515
0.6185567010309279
0.5773195876288659
0.6391752577319587
0.5876288659793815
0.6082474226804123
0.7319587628865979
0.6701030927835051
0.6804123711340206
0.6288659793814433
0.7319587628865979
0.6082474226804123

test accuracy:
0.6
0.48
0.4
0.6
0.56
0.52
0.56
0.52
0.64
0.52
0.44
0.64
0.52
0.52
0.72
0.48
0.48
