train_auc: 0.5141628247669574
test_auc: 0.4478438228438229
train_rho: 0.029515827388387567
test_rho: -0.11157034080767589

train accuracy:
0.6494845360824743
0.6597938144329897
0.6494845360824743
0.36082474226804123
0.36082474226804123
0.6701030927835051
0.6804123711340206
0.6494845360824743
0.6907216494845361
0.6701030927835051
0.6804123711340206
0.36082474226804123
0.6804123711340206
0.6597938144329897
0.6494845360824743
0.3711340206185567
0.3711340206185567

test accuracy:
0.64
0.6
0.64
0.32
0.32
0.56
0.52
0.64
0.48
0.56
0.52
0.32
0.52
0.6
0.64
0.28
0.28
