train_auc: 0.6025691617179505
test_auc: 0.4925612890470542
train_rho: 0.20227183661981146
test_rho: -0.01441763400637565

train accuracy:
0.5360824742268041
0.4845360824742268
0.6082474226804123
0.7010309278350515
0.4948453608247423
0.5979381443298969
0.5051546391752577
0.5876288659793815
0.5773195876288659
0.5876288659793815
0.5463917525773195
0.5773195876288659
0.5876288659793815
0.5154639175257731
0.422680412371134
0.6288659793814433
0.5567010309278351

test accuracy:
0.6
0.44
0.48
0.48
0.4
0.56
0.52
0.52
0.52
0.4
0.36
0.44
0.64
0.4
0.2
0.44
0.4
