train_auc: 0.5312537354211847
test_auc: 0.40422717550377124
train_rho: 0.03677880383876086
test_rho: -0.12038887675123792

train accuracy:
0.9072164948453608
0.9072164948453608
0.1134020618556701
0.9175257731958762
0.1134020618556701
0.1134020618556701
0.9072164948453608
0.12371134020618557
0.9381443298969072
0.9175257731958762
0.9072164948453608
0.1134020618556701
0.1134020618556701
0.9072164948453608
0.12371134020618557
0.9175257731958762
0.1134020618556701

test accuracy:
0.88
0.88
0.04
0.84
0.12
0.08
0.88
0.08
0.76
0.84
0.88
0.08
0.08
0.88
0.08
0.84
0.04
