train_auc: 0.6600732291566187
test_auc: 0.6097186518137675
train_rho: 0.19866510495023884
test_rho: 0.12497274429990014

train accuracy:
0.4742268041237113
0.44329896907216493
0.4639175257731959
0.4536082474226804
0.44329896907216493
0.44329896907216493
0.3917525773195876
0.41237113402061853
0.5876288659793815
0.422680412371134
0.41237113402061853
0.6701030927835051
0.4536082474226804
0.44329896907216493
0.4639175257731959
0.5670103092783505
0.44329896907216493

test accuracy:
0.28
0.4
0.32
0.36
0.4
0.4
0.6
0.52
0.6
0.48
0.52
0.6
0.36
0.4
0.32
0.64
0.4
