train_auc: 0.6661190518806412
test_auc: 0.6064169643306334
train_rho: 0.32086962051360474
test_rho: 0.20305785465910797

train accuracy:
0.6701030927835051
0.6494845360824743
0.6391752577319587
0.5876288659793815
0.6597938144329897
0.6907216494845361
0.5567010309278351
0.6494845360824743
0.6494845360824743
0.6391752577319587
0.6701030927835051
0.6288659793814433
0.6391752577319587
0.5876288659793815
0.6288659793814433
0.6494845360824743
0.6288659793814433

test accuracy:
0.56
0.6
0.72
0.56
0.52
0.56
0.52
0.6
0.64
0.48
0.4
0.68
0.52
0.52
0.48
0.56
0.64
