train_auc: 0.67320139355272
test_auc: 0.5617990932951563
train_rho: 0.20781023793413625
test_rho: 0.07743841889166124

train accuracy:
0.7216494845360825
0.4639175257731959
0.4536082474226804
0.4639175257731959
0.44329896907216493
0.422680412371134
0.422680412371134
0.4020618556701031
0.5979381443298969
0.44329896907216493
0.422680412371134
0.4639175257731959
0.422680412371134
0.4536082474226804
0.7731958762886598
0.6185567010309279
0.4329896907216495

test accuracy:
0.44
0.32
0.36
0.52
0.4
0.48
0.48
0.56
0.4
0.4
0.48
0.32
0.48
0.36
0.4
0.48
0.44
