train_auc: 0.5247590459854611
test_auc: 0.3962069881759001
train_rho: 0.029770411809316437
test_rho: -0.12006538254917837

train accuracy:
0.9072164948453608
0.9072164948453608
0.10309278350515463
0.10309278350515463
0.9072164948453608
0.12371134020618557
0.1134020618556701
0.9072164948453608
0.10309278350515463
0.9072164948453608
0.12371134020618557
0.10309278350515463
0.9072164948453608
0.9175257731958762
0.9072164948453608
0.9072164948453608
0.10309278350515463

test accuracy:
0.88
0.88
0.08
0.08
0.88
0.0
0.04
0.88
0.08
0.88
0.0
0.08
0.88
0.84
0.88
0.88
0.08
