train_auc: 0.5270389391384331
test_auc: 0.3917462000706963
train_rho: 0.05271844659256449
test_rho: -0.2059987610940586

train accuracy:
0.6701030927835051
0.6597938144329897
0.38144329896907214
0.4020618556701031
0.38144329896907214
0.36082474226804123
0.3711340206185567
0.6804123711340206
0.6701030927835051
0.6701030927835051
0.3917525773195876
0.6804123711340206
0.38144329896907214
0.3711340206185567
0.38144329896907214
0.3917525773195876
0.6597938144329897

test accuracy:
0.56
0.6
0.24
0.16
0.24
0.32
0.28
0.52
0.56
0.56
0.2
0.52
0.24
0.28
0.24
0.24
0.6
