train_auc: 0.7298921471873678
test_auc: 0.5805632880301292
train_rho: 0.2844052920748667
test_rho: 0.08402250006198593

train accuracy:
0.711340206185567
0.5360824742268041
0.6288659793814433
0.7525773195876289
0.8144329896907216
0.5463917525773195
0.5463917525773195
0.711340206185567
0.6185567010309279
0.6494845360824743
0.4742268041237113
0.6804123711340206
0.6391752577319587
0.5979381443298969
0.4948453608247423
0.8041237113402062
0.6701030927835051

test accuracy:
0.76
0.36
0.32
0.68
0.72
0.44
0.48
0.56
0.44
0.64
0.52
0.6
0.72
0.4
0.52
0.68
0.56
