train_auc: 0.7796069654110512
test_auc: 0.4777123633305299
train_rho: 0.4390484699486419
test_rho: -0.034600420892408626

train accuracy: average 0.6898914905768133
0) 0.6310679611650486
1) 0.7087378640776699
2) 0.6990291262135923
3) 0.6796116504854369
4) 0.6796116504854369
5) 0.6796116504854369
6) 0.7087378640776699
7) 0.6504854368932039
8) 0.6893203883495146
9) 0.7378640776699029
10) 0.7475728155339806
11) 0.6796116504854369
12) 0.6699029126213593
13) 0.7378640776699029
14) 0.6893203883495146
15) 0.6601941747572816
16) 0.6796116504854369

test accuracy: average 0.48416289592760176
0) 0.5
1) 0.34615384615384615
2) 0.6538461538461539
3) 0.5
4) 0.3076923076923077
5) 0.38461538461538464
6) 0.38461538461538464
7) 0.6153846153846154
8) 0.5384615384615384
9) 0.5769230769230769
10) 0.4230769230769231
11) 0.46153846153846156
12) 0.5769230769230769
13) 0.5
14) 0.4230769230769231
15) 0.5384615384615384
16) 0.5
