train_auc: 0.7792897397007115
test_auc: 0.590761537111774
train_rho: 0.4623477212753418
test_rho: 0.1518852601989123

train accuracy: average 0.7121644774414619
0) 0.7184466019417476
1) 0.7184466019417476
2) 0.7864077669902912
3) 0.7087378640776699
4) 0.6504854368932039
5) 0.6310679611650486
6) 0.7572815533980582
7) 0.7766990291262136
8) 0.6796116504854369
9) 0.7184466019417476
10) 0.7281553398058253
11) 0.7184466019417476
12) 0.7378640776699029
13) 0.6796116504854369
14) 0.6893203883495146
15) 0.7378640776699029
16) 0.6699029126213593

test accuracy: average 0.5633484162895928
0) 0.5
1) 0.5384615384615384
2) 0.34615384615384615
3) 0.6153846153846154
4) 0.5769230769230769
5) 0.6923076923076923
6) 0.5769230769230769
7) 0.5384615384615384
8) 0.6153846153846154
9) 0.6153846153846154
10) 0.5769230769230769
11) 0.5
12) 0.6538461538461539
13) 0.6923076923076923
14) 0.5384615384615384
15) 0.46153846153846156
16) 0.5384615384615384
