train_auc:               precision    recall  f1-score   support

           0       0.61      0.75      0.68       308
           1       0.58      0.44      0.50       245
           2       0.61      0.63      0.62       316
           3       0.60      0.53      0.56       171

   micro avg       0.60      0.60      0.60      1040
   macro avg       0.60      0.59      0.59      1040
weighted avg       0.60      0.60      0.60      1040

test_auc:               precision    recall  f1-score   support

           0       0.47      0.56      0.51        27
           1       0.44      0.31      0.37        35
           2       0.49      0.54      0.51        39
           3       0.30      0.32      0.31        19

   micro avg       0.44      0.44      0.44       120
   macro avg       0.42      0.43      0.42       120
weighted avg       0.44      0.44      0.44       120

train_rho: 0.5375305105869895
test_rho: 0.33900825037064186

train accuracy:
0.5721153846153846
0.6298076923076923
0.5961538461538461
0.6057692307692307
0.6153846153846154

test accuracy:
0.5833333333333334
0.4166666666666667
0.4166666666666667
0.3333333333333333
0.4583333333333333
