train_auc: 0.8937577473610041
test_auc: 0.7289964576038659
train_rho: 0.6819594852174021
test_rho: 0.3966182722415628

train accuracy: average 0.825242718446602
0) 0.8155339805825242
1) 0.8446601941747572
2) 0.8155339805825242
3) 0.8252427184466019
4) 0.8058252427184466
5) 0.8252427184466019
6) 0.7864077669902912
7) 0.8252427184466019
8) 0.8058252427184466
9) 0.8446601941747572
10) 0.8543689320388349
11) 0.8446601941747572
12) 0.8155339805825242
13) 0.8058252427184466
14) 0.8058252427184466
15) 0.912621359223301
16) 0.7961165048543689

test accuracy: average 0.665158371040724
0) 0.7307692307692307
1) 0.6153846153846154
2) 0.7692307692307693
3) 0.5384615384615384
4) 0.7307692307692307
5) 0.7307692307692307
6) 0.6538461538461539
7) 0.6538461538461539
8) 0.6538461538461539
9) 0.5
10) 0.6153846153846154
11) 0.7692307692307693
12) 0.7307692307692307
13) 0.6923076923076923
14) 0.6923076923076923
15) 0.5
16) 0.7307692307692307
