train_auc: 0.8002186006542943
test_auc: 0.5424062244424306
train_rho: 0.49330585515012465
test_rho: 0.07069117017484614

train accuracy: average 0.7332556785090274
0) 0.7623762376237624
1) 0.7326732673267327
2) 0.693069306930693
3) 0.7128712871287128
4) 0.7623762376237624
5) 0.7425742574257426
6) 0.7722772277227723
7) 0.7227722772277227
8) 0.7326732673267327
9) 0.6831683168316832
10) 0.693069306930693
11) 0.7425742574257426
12) 0.7128712871287128
13) 0.7326732673267327
14) 0.7524752475247525
15) 0.7623762376237624
16) 0.7524752475247525

test accuracy: average 0.5339366515837104
0) 0.6153846153846154
1) 0.5384615384615384
2) 0.5769230769230769
3) 0.6923076923076923
4) 0.5769230769230769
5) 0.5384615384615384
6) 0.4230769230769231
7) 0.46153846153846156
8) 0.5
9) 0.6153846153846154
10) 0.5384615384615384
11) 0.46153846153846156
12) 0.5
13) 0.5
14) 0.6153846153846154
15) 0.46153846153846156
16) 0.46153846153846156
