train_auc: 0.6898255665033044
test_auc: 0.5294663964876731
train_rho: 0.2234211081080589
test_rho: 0.037522852427537105

train accuracy:
0.44329896907216493
0.4329896907216495
0.4536082474226804
0.7835051546391752
0.4536082474226804
0.4536082474226804
0.7216494845360825
0.5876288659793815
0.6082474226804123
0.5670103092783505
0.4639175257731959
0.5773195876288659
0.4536082474226804
0.422680412371134
0.6701030927835051
0.5876288659793815
0.44329896907216493

test accuracy:
0.4
0.44
0.36
0.72
0.36
0.36
0.52
0.48
0.48
0.48
0.32
0.44
0.36
0.48
0.48
0.48
0.4
