train_auc: 0.5383040760915968
test_auc: 0.3698356411122368
train_rho: 0.045047556889514374
test_rho: -0.16357263556202448

train accuracy:
0.9072164948453608
0.9072164948453608
0.10309278350515463
0.9278350515463918
0.10309278350515463
0.9278350515463918
0.10309278350515463
0.10309278350515463
0.10309278350515463
0.9278350515463918
0.1134020618556701
0.12371134020618557
0.10309278350515463
0.9072164948453608
0.9278350515463918
0.9175257731958762
0.1134020618556701

test accuracy:
0.88
0.88
0.08
0.8
0.08
0.8
0.08
0.08
0.08
0.8
0.04
0.0
0.08
0.88
0.8
0.84
0.04
