train_auc: 0.5291234140715109
test_auc: 0.40604575163398693
train_rho: 0.05559530564167019
test_rho: -0.18040464204508777

train accuracy:
0.6701030927835051
0.3711340206185567
0.3711340206185567
0.38144329896907214
0.4948453608247423
0.3711340206185567
0.6804123711340206
0.3711340206185567
0.41237113402061853
0.3711340206185567
0.3917525773195876
0.6597938144329897
0.6597938144329897
0.6701030927835051
0.6804123711340206
0.6597938144329897
0.6804123711340206

test accuracy:
0.56
0.28
0.32
0.28
0.32
0.28
0.52
0.28
0.2
0.32
0.24
0.6
0.6
0.56
0.52
0.6
0.52
