train_auc: 0.5504750919975834
test_auc: 0.39685457516339867
train_rho: 0.09774216776777979
test_rho: -0.2021229281218145

train accuracy:
0.5257731958762887
0.4948453608247423
0.38144329896907214
0.6701030927835051
0.6597938144329897
0.7010309278350515
0.6494845360824743
0.38144329896907214
0.6701030927835051
0.6597938144329897
0.3711340206185567
0.6907216494845361
0.6185567010309279
0.44329896907216493
0.6597938144329897
0.4742268041237113
0.6597938144329897

test accuracy:
0.4
0.28
0.32
0.56
0.56
0.48
0.64
0.24
0.56
0.56
0.28
0.48
0.32
0.28
0.6
0.2
0.6
