train_auc: 0.7262477820509555
test_auc: 0.5519100608007342
train_rho: 0.3195681756659939
test_rho: 0.07894713895728514

train accuracy:
0.7422680412371134
0.8762886597938144
0.7938144329896907
0.7731958762886598
0.8556701030927835
0.845360824742268
0.7938144329896907
0.865979381443299
0.6701030927835051
0.7422680412371134
0.8762886597938144
0.8247422680412371
0.8144329896907216
0.8350515463917526
0.7731958762886598
0.9072164948453608
0.6391752577319587

test accuracy:
0.72
0.8
0.76
0.72
0.88
0.84
0.76
0.92
0.56
0.6
0.76
0.68
0.76
0.56
0.8
0.8
0.76
