train_auc:               precision    recall  f1-score   support

           0       0.67      0.72      0.70       306
           1       0.56      0.57      0.56       247
           2       0.61      0.57      0.59       320
           3       0.56      0.54      0.55       167

    accuracy                           0.61      1040
   macro avg       0.60      0.60      0.60      1040
weighted avg       0.61      0.61      0.61      1040

test_auc:               precision    recall  f1-score   support

           0       0.56      0.66      0.60        29
           1       0.61      0.52      0.56        33
           2       0.45      0.51      0.48        35
           3       0.28      0.22      0.24        23

    accuracy                           0.49       120
   macro avg       0.47      0.48      0.47       120
weighted avg       0.49      0.49      0.49       120

train_rho: 0.5732707651198297
test_rho: 0.3517476443575865

train accuracy:
0.6009615384615384
0.6105769230769231
0.5913461538461539
0.6298076923076923
0.6201923076923077

test accuracy:
0.4166666666666667
0.4583333333333333
0.4166666666666667
0.5416666666666666
0.625
