train_auc: 0.5189893950241632
test_auc: 0.4229637269205615
train_rho: 0.03650072486264183
test_rho: -0.14481362314852397

train accuracy:
0.36082474226804123
0.6701030927835051
0.6494845360824743
0.36082474226804123
0.3917525773195876
0.6701030927835051
0.36082474226804123
0.36082474226804123
0.6494845360824743
0.4020618556701031
0.4020618556701031
0.6804123711340206
0.6494845360824743
0.38144329896907214
0.6494845360824743
0.6494845360824743
0.6494845360824743

test accuracy:
0.32
0.56
0.64
0.32
0.2
0.56
0.32
0.32
0.64
0.16
0.16
0.52
0.64
0.24
0.64
0.64
0.64
