train_auc: 0.7490933366777975
test_auc: 0.4631829465952689
train_rho: 0.4311450154662941
test_rho: -0.06370385442147529

train accuracy: average 0.6898914905768132
0) 0.7087378640776699
1) 0.6796116504854369
2) 0.6893203883495146
3) 0.7087378640776699
4) 0.6601941747572816
5) 0.7087378640776699
6) 0.6699029126213593
7) 0.6990291262135923
8) 0.6601941747572816
9) 0.6893203883495146
10) 0.7087378640776699
11) 0.7281553398058253
12) 0.6796116504854369
13) 0.6893203883495146
14) 0.6893203883495146
15) 0.6699029126213593
16) 0.6893203883495146

test accuracy: average 0.48416289592760176
0) 0.5
1) 0.38461538461538464
2) 0.5384615384615384
3) 0.34615384615384615
4) 0.5769230769230769
5) 0.5
6) 0.5
7) 0.46153846153846156
8) 0.5769230769230769
9) 0.4230769230769231
10) 0.46153846153846156
11) 0.4230769230769231
12) 0.5
13) 0.5769230769230769
14) 0.46153846153846156
15) 0.5384615384615384
16) 0.46153846153846156
