train_auc: 0.5307988489116106
test_auc: 0.35896886603827477
train_rho: 0.038989974312065204
test_rho: -0.16434597344940774

train accuracy:
0.12371134020618557
0.9072164948453608
0.12371134020618557
0.9175257731958762
0.1134020618556701
0.9175257731958762
0.1134020618556701
0.10309278350515463
0.9278350515463918
0.10309278350515463
0.10309278350515463
0.10309278350515463
0.1134020618556701
0.9072164948453608
0.1134020618556701
0.9072164948453608
0.10309278350515463

test accuracy:
0.0
0.88
0.0
0.84
0.04
0.84
0.04
0.08
0.8
0.08
0.08
0.08
0.04
0.88
0.04
0.88
0.08
