train_auc: 0.72852666450368
test_auc: 0.5516717325227963
train_rho: 0.2706915228186451
test_rho: 0.06529329207244615

train accuracy:
0.6597938144329897
0.5773195876288659
0.5257731958762887
0.7835051546391752
0.5360824742268041
0.5773195876288659
0.6701030927835051
0.6701030927835051
0.9072164948453608
0.6494845360824743
0.6907216494845361
0.4639175257731959
0.4639175257731959
0.6185567010309279
0.711340206185567
0.7319587628865979
0.5154639175257731

test accuracy:
0.64
0.72
0.44
0.68
0.48
0.52
0.64
0.6
0.52
0.64
0.56
0.52
0.4
0.48
0.68
0.64
0.48
