train_auc: 0.5404812930107068
test_auc: 0.38576494427558256
train_rho: 0.047560359999089794
test_rho: -0.14344972375455636

train accuracy:
0.12371134020618557
0.1134020618556701
0.9072164948453608
0.9278350515463918
0.12371134020618557
0.14432989690721648
0.9072164948453608
0.9381443298969072
0.14432989690721648
0.10309278350515463
0.1134020618556701
0.10309278350515463
0.16494845360824742
0.9072164948453608
0.9072164948453608
0.9175257731958762
0.9278350515463918

test accuracy:
0.0
0.16
0.84
0.8
0.08
0.08
0.88
0.76
0.08
0.12
0.12
0.08
0.08
0.88
0.84
0.84
0.8
