train_auc: 0.5667923455425999
test_auc: 0.37216455209534793
train_rho: 0.11039652336226936
test_rho: -0.21256137955403176

train accuracy: average 0.5294117647058824
0) 0.36082474226804123
1) 0.6494845360824743
2) 0.3917525773195876
3) 0.7010309278350515
4) 0.6804123711340206
5) 0.36082474226804123
6) 0.3711340206185567
7) 0.3711340206185567
8) 0.3917525773195876
9) 0.6494845360824743
10) 0.6494845360824743
11) 0.6907216494845361
12) 0.6494845360824743
13) 0.36082474226804123
14) 0.6804123711340206
15) 0.3711340206185567
16) 0.6701030927835051

test accuracy: average 0.4282352941176471
0) 0.32
1) 0.64
2) 0.2
3) 0.44
4) 0.52
5) 0.32
6) 0.28
7) 0.28
8) 0.2
9) 0.64
10) 0.64
11) 0.48
12) 0.64
13) 0.32
14) 0.52
15) 0.28
16) 0.56
