train_auc: 0.5414803739865359
test_auc: 0.393342565522901
train_rho: 0.07995569079787156
test_rho: -0.19868930865355106

train accuracy:
0.4020618556701031
0.38144329896907214
0.3917525773195876
0.3917525773195876
0.41237113402061853
0.6701030927835051
0.6804123711340206
0.7010309278350515
0.4020618556701031
0.6701030927835051
0.6804123711340206
0.38144329896907214
0.6701030927835051
0.4020618556701031
0.6804123711340206
0.6804123711340206
0.38144329896907214

test accuracy:
0.16
0.24
0.28
0.28
0.16
0.64
0.56
0.52
0.16
0.64
0.64
0.24
0.52
0.28
0.52
0.6
0.28
