train_auc: 0.6459700093720713
test_auc: 0.4842427779398891
train_rho: 0.2791941306825052
test_rho: -0.030664960725044665

train accuracy:
0.6907216494845361
0.5876288659793815
0.6907216494845361
0.5257731958762887
0.5876288659793815
0.5360824742268041
0.5979381443298969
0.7010309278350515
0.6804123711340206
0.6701030927835051
0.7010309278350515
0.5773195876288659
0.6701030927835051
0.5051546391752577
0.6907216494845361
0.5979381443298969
0.6701030927835051

test accuracy:
0.4
0.4
0.56
0.56
0.44
0.36
0.44
0.48
0.48
0.48
0.24
0.4
0.6
0.4
0.48
0.52
0.52
