train_auc: 0.6155375234071158
test_auc: 0.4929452602137649
train_rho: 0.2216738866416865
test_rho: -0.013287731507049979

train accuracy:
0.6082474226804123
0.5257731958762887
0.5257731958762887
0.5979381443298969
0.711340206185567
0.6185567010309279
0.6701030927835051
0.7319587628865979
0.422680412371134
0.6082474226804123
0.6907216494845361
0.6804123711340206
0.6082474226804123
0.6082474226804123
0.6185567010309279
0.5979381443298969
0.5670103092783505

test accuracy:
0.68
0.52
0.32
0.52
0.56
0.56
0.48
0.52
0.12
0.36
0.56
0.52
0.44
0.4
0.6
0.64
0.56
