train_auc: 0.6148910111920366
test_auc: 0.58695499461434
train_rho: 0.22542367735358892
test_rho: 0.18391970656869544

train accuracy:
0.5567010309278351
0.5463917525773195
0.5773195876288659
0.5876288659793815
0.5773195876288659
0.5463917525773195
0.5670103092783505
0.5463917525773195
0.5773195876288659
0.5463917525773195
0.5979381443298969
0.5773195876288659
0.5670103092783505
0.5670103092783505
0.5463917525773195
0.5670103092783505
0.5567010309278351

test accuracy:
0.68
0.6
0.48
0.44
0.48
0.64
0.52
0.6
0.48
0.6
0.4
0.48
0.52
0.52
0.6
0.52
0.56
