train_auc: 0.6165717784100023
test_auc: 0.6004068047337279
train_rho: 0.22749975797595984
test_rho: 0.20504697176211537

train accuracy:
0.5670103092783505
0.5567010309278351
0.6597938144329897
0.5360824742268041
0.5876288659793815
0.5154639175257731
0.5567010309278351
0.5979381443298969
0.5257731958762887
0.5463917525773195
0.5567010309278351
0.5567010309278351
0.5876288659793815
0.5257731958762887
0.5567010309278351
0.5567010309278351
0.6494845360824743

test accuracy:
0.52
0.64
0.68
0.64
0.44
0.72
0.56
0.4
0.68
0.6
0.56
0.56
0.44
0.68
0.56
0.56
0.4
