train_auc: 0.8339570277529094
test_auc: 0.6139685603971318
train_rho: 0.5515859564970587
test_rho: 0.1863198176844407

train accuracy: average 0.7588817705299943
0) 0.7623762376237624
1) 0.7722772277227723
2) 0.7722772277227723
3) 0.7326732673267327
4) 0.7425742574257426
5) 0.7326732673267327
6) 0.7524752475247525
7) 0.7425742574257426
8) 0.7920792079207921
9) 0.7425742574257426
10) 0.7722772277227723
11) 0.7227722772277227
12) 0.7722772277227723
13) 0.7326732673267327
14) 0.7623762376237624
15) 0.801980198019802
16) 0.7920792079207921

test accuracy: average 0.6018099547511313
0) 0.5384615384615384
1) 0.6153846153846154
2) 0.6538461538461539
3) 0.6538461538461539
4) 0.4230769230769231
5) 0.6153846153846154
6) 0.6153846153846154
7) 0.6153846153846154
8) 0.5769230769230769
9) 0.7307692307692307
10) 0.7307692307692307
11) 0.5
12) 0.7307692307692307
13) 0.6538461538461539
14) 0.6153846153846154
15) 0.5
16) 0.46153846153846156
