train_auc: 0.669022800672997
test_auc: 0.5578787878787879
train_rho: 0.3251096017214954
test_rho: 0.1117950484972534

train accuracy:
0.6597938144329897
0.6288659793814433
0.6082474226804123
0.6288659793814433
0.5876288659793815
0.6288659793814433
0.6907216494845361
0.6701030927835051
0.5463917525773195
0.5876288659793815
0.6701030927835051
0.6907216494845361
0.6701030927835051
0.6391752577319587
0.5773195876288659
0.7216494845360825
0.6288659793814433

test accuracy:
0.48
0.52
0.52
0.56
0.6
0.48
0.36
0.64
0.64
0.76
0.28
0.44
0.48
0.56
0.64
0.52
0.56
