train_auc: 0.7472503678040909
test_auc: 0.6089877010406812
train_rho: 0.409614112033124
test_rho: 0.17563636741951716

train accuracy: average 0.6849155503785671
0) 0.6237623762376238
1) 0.7524752475247525
2) 0.6732673267326733
3) 0.6831683168316832
4) 0.7029702970297029
5) 0.6534653465346535
6) 0.7029702970297029
7) 0.6732673267326733
8) 0.6534653465346535
9) 0.693069306930693
10) 0.7029702970297029
11) 0.6534653465346535
12) 0.6831683168316832
13) 0.6732673267326733
14) 0.7227722772277227
15) 0.693069306930693
16) 0.7029702970297029

test accuracy: average 0.590497737556561
0) 0.6923076923076923
1) 0.5
2) 0.6153846153846154
3) 0.5384615384615384
4) 0.6538461538461539
5) 0.5769230769230769
6) 0.5
7) 0.4230769230769231
8) 0.7307692307692307
9) 0.6153846153846154
10) 0.5384615384615384
11) 0.6538461538461539
12) 0.6538461538461539
13) 0.6153846153846154
14) 0.38461538461538464
15) 0.6153846153846154
16) 0.7307692307692307
