train_auc: 0.610704027106381
test_auc: 0.6040160024619172
train_rho: 0.22181458742786692
test_rho: 0.20456742354958485

train accuracy:
0.5360824742268041
0.5670103092783505
0.5670103092783505
0.5876288659793815
0.5670103092783505
0.5670103092783505
0.5567010309278351
0.5463917525773195
0.5670103092783505
0.5257731958762887
0.5567010309278351
0.5567010309278351
0.5773195876288659
0.5773195876288659
0.5670103092783505
0.6082474226804123
0.5463917525773195

test accuracy:
0.64
0.52
0.52
0.44
0.52
0.52
0.56
0.6
0.52
0.68
0.56
0.56
0.48
0.48
0.52
0.36
0.52
