train_auc: 0.7450237009453393
test_auc: 0.5802895021645023
train_rho: 0.4037491281148823
test_rho: 0.13252103971643367

train accuracy: average 0.679673849737915
0) 0.6831683168316832
1) 0.6534653465346535
2) 0.693069306930693
3) 0.7029702970297029
4) 0.7029702970297029
5) 0.6435643564356436
6) 0.6831683168316832
7) 0.6831683168316832
8) 0.6831683168316832
9) 0.6138613861386139
10) 0.7227722772277227
11) 0.6732673267326733
12) 0.7128712871287128
13) 0.6732673267326733
14) 0.6534653465346535
15) 0.7029702970297029
16) 0.6732673267326733

test accuracy: average 0.5565610859728506
0) 0.6153846153846154
1) 0.6153846153846154
2) 0.5384615384615384
3) 0.5384615384615384
4) 0.5384615384615384
5) 0.5
6) 0.7307692307692307
7) 0.5
8) 0.5384615384615384
9) 0.5384615384615384
10) 0.4230769230769231
11) 0.5769230769230769
12) 0.5384615384615384
13) 0.5
14) 0.6538461538461539
15) 0.5384615384615384
16) 0.5769230769230769
