train_auc: 0.8284452402267979
test_auc: 0.6247242140099283
train_rho: 0.5424823163818752
test_rho: 0.20390353913560388

train accuracy: average 0.7285963890506697
0) 0.7623762376237624
1) 0.7722772277227723
2) 0.7128712871287128
3) 0.7029702970297029
4) 0.7326732673267327
5) 0.7227722772277227
6) 0.7326732673267327
7) 0.7425742574257426
8) 0.7425742574257426
9) 0.693069306930693
10) 0.7128712871287128
11) 0.693069306930693
12) 0.7425742574257426
13) 0.693069306930693
14) 0.7029702970297029
15) 0.801980198019802
16) 0.7227722772277227

test accuracy: average 0.6018099547511312
0) 0.5
1) 0.5384615384615384
2) 0.6153846153846154
3) 0.6923076923076923
4) 0.46153846153846156
5) 0.5769230769230769
6) 0.6538461538461539
7) 0.6538461538461539
8) 0.6153846153846154
9) 0.6923076923076923
10) 0.7307692307692307
11) 0.5
12) 0.7307692307692307
13) 0.6923076923076923
14) 0.5
15) 0.5
16) 0.5769230769230769
