train_auc:               precision    recall  f1-score   support

           0       0.66      0.70      0.68       300
           1       0.54      0.56      0.55       252
           2       0.58      0.56      0.57       309
           3       0.57      0.51      0.54       179

   micro avg       0.59      0.59      0.59      1040
   macro avg       0.59      0.58      0.58      1040
weighted avg       0.59      0.59      0.59      1040

test_auc:               precision    recall  f1-score   support

           0       0.47      0.69      0.56        35
           1       0.31      0.29      0.30        28
           2       0.56      0.33      0.41        46
           3       0.06      0.09      0.07        11

   micro avg       0.40      0.40      0.40       120
   macro avg       0.35      0.35      0.33       120
weighted avg       0.43      0.40      0.40       120

train_rho: 0.5285022786567183
test_rho: 0.2780544897737874

train accuracy:
0.5913461538461539
0.5865384615384616
0.5721153846153846
0.5913461538461539
0.6201923076923077

test accuracy:
0.375
0.3333333333333333
0.4583333333333333
0.4583333333333333
0.375
