train_auc: 0.5344565639217564
test_auc: 0.37398373983739835
train_rho: 0.042939681040477455
test_rho: -0.1552426349457423

train accuracy:
0.1134020618556701
0.1134020618556701
0.1134020618556701
0.9072164948453608
0.9278350515463918
0.10309278350515463
0.9175257731958762
0.12371134020618557
0.9175257731958762
0.1134020618556701
0.1134020618556701
0.1134020618556701
0.9175257731958762
0.12371134020618557
0.9175257731958762
0.10309278350515463
0.1134020618556701

test accuracy:
0.08
0.04
0.04
0.88
0.8
0.08
0.84
0.08
0.84
0.04
0.12
0.08
0.84
0.08
0.84
0.08
0.04
