train_auc: 0.662234875604081
test_auc: 0.5275821301001157
train_rho: 0.31231950521654395
test_rho: 0.05213614708272681

train accuracy:
0.5567010309278351
0.6907216494845361
0.5670103092783505
0.5876288659793815
0.6185567010309279
0.7628865979381443
0.6288659793814433
0.711340206185567
0.5979381443298969
0.6082474226804123
0.5773195876288659
0.7731958762886598
0.6597938144329897
0.5876288659793815
0.711340206185567
0.5876288659793815
0.6185567010309279

test accuracy:
0.6
0.4
0.52
0.48
0.36
0.52
0.44
0.52
0.64
0.48
0.48
0.44
0.6
0.44
0.6
0.64
0.4
