train_auc: 0.7120128773994407
test_auc: 0.5083547557840616
train_rho: 0.25741732848945686
test_rho: 0.009309666826296888

train accuracy:
0.4845360824742268
0.6494845360824743
0.5773195876288659
0.6082474226804123
0.6804123711340206
0.6907216494845361
0.5360824742268041
0.6597938144329897
0.7525773195876289
0.6288659793814433
0.4948453608247423
0.6082474226804123
0.5463917525773195
0.6701030927835051
0.5463917525773195
0.7010309278350515
0.5463917525773195

test accuracy:
0.48
0.52
0.4
0.6
0.4
0.6
0.56
0.44
0.76
0.64
0.4
0.52
0.52
0.56
0.4
0.44
0.52
