train_auc: 0.9562976508236127
test_auc: 0.410227696901829
train_rho: 0.3390265472582884
test_rho: -0.06307522616910104

train accuracy: average 0.8864298194525334
0) 0.8514851485148515
1) 0.8613861386138614
2) 0.8811881188118812
3) 0.8613861386138614
4) 0.9504950495049505
5) 0.8811881188118812
6) 0.8613861386138614
7) 0.8811881188118812
8) 0.9504950495049505
9) 0.8118811881188119
10) 0.9108910891089109
11) 0.8514851485148515
12) 0.9207920792079208
13) 0.8910891089108911
14) 0.9504950495049505
15) 0.8910891089108911
16) 0.8613861386138614

test accuracy: average 0.7669683257918551
0) 0.9615384615384616
1) 0.6153846153846154
2) 0.7307692307692307
3) 0.7692307692307693
4) 0.8076923076923077
5) 0.6153846153846154
6) 0.8076923076923077
7) 0.7307692307692307
8) 0.9230769230769231
9) 0.6538461538461539
10) 0.7692307692307693
11) 0.8076923076923077
12) 0.7692307692307693
13) 0.7307692307692307
14) 0.8461538461538461
15) 0.7692307692307693
16) 0.7307692307692307
