train_auc: 0.658033299007706
test_auc: 0.4034535646287286
train_rho: 0.24915646408184314
test_rho: -0.14714432039474776

train accuracy: average 0.5328383780696745
0) 0.4854368932038835
1) 0.5048543689320388
2) 0.7572815533980582
3) 0.34951456310679613
4) 0.4563106796116505
5) 0.3592233009708738
6) 0.3786407766990291
7) 0.6601941747572816
8) 0.6699029126213593
9) 0.7281553398058253
10) 0.5728155339805825
11) 0.5922330097087378
12) 0.7087378640776699
13) 0.3883495145631068
14) 0.7475728155339806
15) 0.36893203883495146
16) 0.3300970873786408

test accuracy: average 0.411764705882353
0) 0.3076923076923077
1) 0.2692307692307692
2) 0.5384615384615384
3) 0.23076923076923078
4) 0.46153846153846156
5) 0.19230769230769232
6) 0.2692307692307692
7) 0.6538461538461539
8) 0.7307692307692307
9) 0.6538461538461539
10) 0.38461538461538464
11) 0.5769230769230769
12) 0.6153846153846154
13) 0.15384615384615385
14) 0.5769230769230769
15) 0.15384615384615385
16) 0.23076923076923078
