train_auc: 0.7995701063847953
test_auc: 0.5764662839130924
train_rho: 0.3866373094409511
test_rho: 0.10825854587096899

train accuracy:
0.6494845360824743
0.845360824742268
0.8144329896907216
0.8865979381443299
0.7319587628865979
0.8556701030927835
0.7835051546391752
0.8247422680412371
0.7731958762886598
0.6391752577319587
0.7525773195876289
0.7319587628865979
0.6494845360824743
0.7525773195876289
0.8041237113402062
0.7938144329896907
0.8247422680412371

test accuracy:
0.64
0.68
0.88
0.76
0.72
0.6
0.8
0.68
0.72
0.72
0.68
0.76
0.6
0.64
0.6
0.8
0.8
