train_auc: 0.7005071977325279
test_auc: 0.2964454976303318
train_rho: 0.1481208424893984
test_rho: -0.14656200626676053

train accuracy: average 0.6820034944670939
0) 0.06930693069306931
1) 0.9702970297029703
2) 0.9306930693069307
3) 0.9207920792079208
4) 0.06930693069306931
5) 0.9702970297029703
6) 0.9207920792079208
7) 0.9702970297029703
8) 0.0594059405940594
9) 0.9108910891089109
10) 0.9702970297029703
11) 0.9702970297029703
12) 0.8514851485148515
13) 0.0594059405940594
14) 0.9207920792079208
15) 0.0594059405940594
16) 0.9702970297029703

test accuracy: average 0.6470588235294118
0) 0.0
1) 0.9230769230769231
2) 0.8846153846153846
3) 0.9615384615384616
4) 0.0
5) 0.9230769230769231
6) 0.8846153846153846
7) 0.9230769230769231
8) 0.0
9) 0.9615384615384616
10) 0.9230769230769231
11) 0.9230769230769231
12) 0.8461538461538461
13) 0.038461538461538464
14) 0.9230769230769231
15) 0.0
16) 0.8846153846153846
