train_auc: 0.6593762343929792
test_auc: 0.43609084880636606
train_rho: 0.18846656693332292
test_rho: -0.08181824099158086

train accuracy:
0.4845360824742268
0.4536082474226804
0.8865979381443299
0.7835051546391752
0.7525773195876289
0.9278350515463918
0.8041237113402062
0.5670103092783505
0.4329896907216495
0.5154639175257731
0.28865979381443296
0.4536082474226804
0.7319587628865979
0.8865979381443299
0.5257731958762887
0.4948453608247423
0.41237113402061853

test accuracy:
0.4
0.48
0.76
0.6
0.64
0.76
0.84
0.56
0.28
0.48
0.32
0.16
0.76
0.72
0.4
0.48
0.4
