train_auc: 0.5203683798943808
test_auc: 0.42041906527466094
train_rho: 0.039017674323715855
test_rho: -0.15191600004722455

train accuracy:
0.36082474226804123
0.3711340206185567
0.36082474226804123
0.4020618556701031
0.6804123711340206
0.6597938144329897
0.6597938144329897
0.36082474226804123
0.7010309278350515
0.6597938144329897
0.6494845360824743
0.6597938144329897
0.38144329896907214
0.3711340206185567
0.6597938144329897
0.36082474226804123
0.3711340206185567

test accuracy:
0.32
0.28
0.32
0.16
0.52
0.6
0.6
0.32
0.44
0.6
0.64
0.6
0.24
0.28
0.6
0.32
0.28
