train_auc:               precision    recall  f1-score   support

           0       0.64      0.74      0.69       299
           1       0.58      0.45      0.51       253
           2       0.60      0.62      0.61       320
           3       0.58      0.58      0.58       168

   micro avg       0.61      0.61      0.61      1040
   macro avg       0.60      0.60      0.60      1040
weighted avg       0.60      0.61      0.60      1040

test_auc:               precision    recall  f1-score   support

           0       0.46      0.67      0.55        36
           1       0.19      0.19      0.19        27
           2       0.40      0.34      0.37        35
           3       0.25      0.14      0.18        22

   micro avg       0.37      0.37      0.37       120
   macro avg       0.33      0.33      0.32       120
weighted avg       0.34      0.37      0.35       120

train_rho: 0.5630904170021016
test_rho: 0.230417405971618

train accuracy:
0.6009615384615384
0.6057692307692307
0.6105769230769231
0.5961538461538461
0.6201923076923077

test accuracy:
0.2916666666666667
0.3333333333333333
0.4166666666666667
0.4583333333333333
0.3333333333333333
