train_auc: 0.5755237224027975
test_auc: 0.4021239273692694
train_rho: 0.14820806805037762
test_rho: -0.1920590148794068

train accuracy:
0.6597938144329897
0.7010309278350515
0.6907216494845361
0.711340206185567
0.4329896907216495
0.711340206185567
0.5154639175257731
0.6494845360824743
0.41237113402061853
0.7010309278350515
0.4536082474226804
0.422680412371134
0.6597938144329897
0.6701030927835051
0.6804123711340206
0.4948453608247423
0.7216494845360825

test accuracy:
0.48
0.6
0.48
0.4
0.28
0.44
0.28
0.68
0.36
0.52
0.16
0.12
0.6
0.48
0.6
0.4
0.44
