train_auc: 0.6618625384362491
test_auc: 0.5796969696969697
train_rho: 0.3133581676986753
test_rho: 0.15451523513701385

train accuracy:
0.5979381443298969
0.5979381443298969
0.5876288659793815
0.5979381443298969
0.5360824742268041
0.5979381443298969
0.5876288659793815
0.6391752577319587
0.711340206185567
0.5876288659793815
0.5876288659793815
0.6494845360824743
0.6082474226804123
0.6907216494845361
0.6391752577319587
0.6804123711340206
0.711340206185567

test accuracy:
0.52
0.56
0.64
0.48
0.72
0.48
0.68
0.64
0.44
0.56
0.56
0.4
0.48
0.56
0.4
0.56
0.64
