train_auc: 0.6178681843732434
test_auc: 0.5819699035499672
train_rho: 0.23385430993631307
test_rho: 0.15825229241701017

train accuracy:
0.5463917525773195
0.5360824742268041
0.5876288659793815
0.5567010309278351
0.5773195876288659
0.6082474226804123
0.5567010309278351
0.5670103092783505
0.5154639175257731
0.6391752577319587
0.5567010309278351
0.6597938144329897
0.5876288659793815
0.5876288659793815
0.5567010309278351
0.5463917525773195
0.5567010309278351

test accuracy:
0.6
0.64
0.44
0.56
0.48
0.36
0.56
0.52
0.68
0.52
0.56
0.48
0.44
0.44
0.56
0.6
0.56
