train_auc: 0.5658070997990623
test_auc: 0.41564434129089306
train_rho: 0.07932357100162765
test_rho: -0.11008308936024373

train accuracy:
0.21649484536082475
0.28865979381443296
0.9072164948453608
0.15463917525773196
0.9278350515463918
0.13402061855670103
0.17525773195876287
0.1958762886597938
0.18556701030927836
0.9175257731958762
0.9072164948453608
0.9175257731958762
0.9175257731958762
0.9381443298969072
0.9072164948453608
0.9175257731958762
0.9175257731958762

test accuracy:
0.16
0.16
0.88
0.08
0.84
0.08
0.16
0.2
0.2
0.84
0.88
0.88
0.84
0.8
0.84
0.84
0.84
