train_auc: 0.6776788503592627
test_auc: 0.5645729987355315
train_rho: 0.3414809790185263
test_rho: 0.1265862249337489

train accuracy:
0.7319587628865979
0.6494845360824743
0.6391752577319587
0.5670103092783505
0.6185567010309279
0.6288659793814433
0.5876288659793815
0.5979381443298969
0.6597938144329897
0.7319587628865979
0.7422680412371134
0.6185567010309279
0.6391752577319587
0.6288659793814433
0.6804123711340206
0.6494845360824743
0.6288659793814433

test accuracy:
0.44
0.44
0.6
0.52
0.48
0.56
0.6
0.44
0.6
0.6
0.32
0.48
0.56
0.56
0.68
0.6
0.44
