train_auc: 0.7958629420893573
test_auc: 0.5713099508436297
train_rho: 0.3732089544619512
test_rho: 0.08590193982067194

train accuracy:
0.711340206185567
0.7628865979381443
0.711340206185567
0.6185567010309279
0.6185567010309279
0.7010309278350515
0.7216494845360825
0.6907216494845361
0.7422680412371134
0.6907216494845361
0.7628865979381443
0.7525773195876289
0.7422680412371134
0.7216494845360825
0.8865979381443299
0.8865979381443299
0.6804123711340206

test accuracy:
0.56
0.8
0.6
0.76
0.8
0.52
0.56
0.44
0.6
0.56
0.6
0.6
0.76
0.64
0.76
0.68
0.64
