train_auc: 0.7807710354687653
test_auc: 0.4698804738734927
train_rho: 0.4426656840884158
test_rho: -0.04590451408644692

train accuracy: average 0.6681896059394632
0) 0.6893203883495146
1) 0.6407766990291263
2) 0.7087378640776699
3) 0.6699029126213593
4) 0.6796116504854369
5) 0.6699029126213593
6) 0.6407766990291263
7) 0.7184466019417476
8) 0.6893203883495146
9) 0.6990291262135923
10) 0.6407766990291263
11) 0.6601941747572816
12) 0.6796116504854369
13) 0.5922330097087378
14) 0.7087378640776699
15) 0.6601941747572816
16) 0.6116504854368932

test accuracy: average 0.47058823529411764
0) 0.46153846153846156
1) 0.5
2) 0.4230769230769231
3) 0.34615384615384615
4) 0.5769230769230769
5) 0.38461538461538464
6) 0.46153846153846156
7) 0.5384615384615384
8) 0.4230769230769231
9) 0.46153846153846156
10) 0.4230769230769231
11) 0.46153846153846156
12) 0.5384615384615384
13) 0.46153846153846156
14) 0.5384615384615384
15) 0.4230769230769231
16) 0.5769230769230769
