train_auc: 0.6536563589832847
test_auc: 0.4951515151515152
train_rho: 0.293893202776187
test_rho: -0.009271171084502079

train accuracy:
0.6597938144329897
0.6288659793814433
0.5670103092783505
0.6185567010309279
0.5876288659793815
0.6391752577319587
0.7010309278350515
0.6494845360824743
0.5567010309278351
0.6804123711340206
0.5567010309278351
0.6907216494845361
0.6391752577319587
0.7216494845360825
0.5360824742268041
0.6494845360824743
0.6907216494845361

test accuracy:
0.4
0.52
0.44
0.52
0.6
0.4
0.4
0.6
0.56
0.56
0.36
0.32
0.52
0.56
0.6
0.52
0.48
