train_auc: 0.6207435176507341
test_auc: 0.5968534189281198
train_rho: 0.23911796491045664
test_rho: 0.19100874290895647

train accuracy:
0.5773195876288659
0.6391752577319587
0.5463917525773195
0.5876288659793815
0.5567010309278351
0.5567010309278351
0.5670103092783505
0.6288659793814433
0.5154639175257731
0.5876288659793815
0.5360824742268041
0.5670103092783505
0.5773195876288659
0.5773195876288659
0.5567010309278351
0.5567010309278351
0.5876288659793815

test accuracy:
0.48
0.56
0.6
0.44
0.56
0.56
0.52
0.68
0.72
0.44
0.64
0.56
0.48
0.56
0.56
0.56
0.44
