train_auc: 0.5267104029990628
test_auc: 0.39604610446454624
train_rho: 0.051146527780797806
test_rho: -0.19875230892614157

train accuracy:
0.6907216494845361
0.3711340206185567
0.38144329896907214
0.36082474226804123
0.4020618556701031
0.4020618556701031
0.6907216494845361
0.6701030927835051
0.6907216494845361
0.36082474226804123
0.6597938144329897
0.6597938144329897
0.3917525773195876
0.6597938144329897
0.36082474226804123
0.6494845360824743
0.6597938144329897

test accuracy:
0.48
0.28
0.24
0.32
0.16
0.16
0.48
0.56
0.48
0.32
0.6
0.6
0.2
0.6
0.32
0.64
0.6
