train_auc: 0.524208735110607
test_auc: 0.4084989067401845
train_rho: 0.04620875738936656
test_rho: -0.1769567954929589

train accuracy:
0.6597938144329897
0.6907216494845361
0.6597938144329897
0.6494845360824743
0.38144329896907214
0.6701030927835051
0.711340206185567
0.3711340206185567
0.6597938144329897
0.38144329896907214
0.36082474226804123
0.36082474226804123
0.7010309278350515
0.36082474226804123
0.3711340206185567
0.3711340206185567
0.36082474226804123

test accuracy:
0.6
0.48
0.6
0.64
0.24
0.56
0.4
0.28
0.6
0.24
0.32
0.32
0.44
0.32
0.28
0.28
0.32
