train_auc: 0.7621202626081767
test_auc: 0.54853833425262
train_rho: 0.4329355089211225
test_rho: 0.07935217885653131

train accuracy: average 0.6435643564356436
0) 0.7029702970297029
1) 0.6435643564356436
2) 0.5643564356435643
3) 0.6732673267326733
4) 0.5742574257425742
5) 0.6732673267326733
6) 0.5346534653465347
7) 0.7029702970297029
8) 0.6336633663366337
9) 0.5841584158415841
10) 0.594059405940594
11) 0.5841584158415841
12) 0.7128712871287128
13) 0.7623762376237624
14) 0.6138613861386139
15) 0.7524752475247525
16) 0.6336633663366337

test accuracy: average 0.5248868778280542
0) 0.4230769230769231
1) 0.4230769230769231
2) 0.46153846153846156
3) 0.6538461538461539
4) 0.46153846153846156
5) 0.5769230769230769
6) 0.38461538461538464
7) 0.6153846153846154
8) 0.6538461538461539
9) 0.4230769230769231
10) 0.5384615384615384
11) 0.5384615384615384
12) 0.6923076923076923
13) 0.5384615384615384
14) 0.34615384615384615
15) 0.5
16) 0.6923076923076923
