train_auc: 0.5346740976041726
test_auc: 0.35040119679042575
train_rho: 0.042397380842542874
test_rho: -0.17346680000140027

train accuracy:
0.9278350515463918
0.10309278350515463
0.10309278350515463
0.10309278350515463
0.12371134020618557
0.9072164948453608
0.9175257731958762
0.9175257731958762
0.1134020618556701
0.10309278350515463
0.12371134020618557
0.1134020618556701
0.9072164948453608
0.9072164948453608
0.1134020618556701
0.1134020618556701
0.9175257731958762

test accuracy:
0.8
0.08
0.08
0.08
0.0
0.88
0.84
0.84
0.04
0.08
0.0
0.04
0.88
0.88
0.04
0.04
0.84
