train_auc: 0.7361698544731112
test_auc: 0.5805632880301292
train_rho: 0.29262973507526147
test_rho: 0.08402250006198593

train accuracy:
0.8041237113402062
0.5360824742268041
0.6288659793814433
0.8041237113402062
0.7938144329896907
0.5463917525773195
0.5463917525773195
0.7216494845360825
0.6391752577319587
0.6494845360824743
0.4742268041237113
0.6804123711340206
0.6494845360824743
0.5773195876288659
0.4845360824742268
0.7938144329896907
0.6597938144329897

test accuracy:
0.76
0.36
0.32
0.72
0.72
0.44
0.48
0.56
0.44
0.64
0.52
0.6
0.72
0.4
0.48
0.68
0.56
