train_auc: 0.5537120043698991
test_auc: 0.42232533019099516
train_rho: 0.10279431689809677
test_rho: -0.14759597743396016

train accuracy:
0.4020618556701031
0.7010309278350515
0.6701030927835051
0.44329896907216493
0.422680412371134
0.6597938144329897
0.6494845360824743
0.4020618556701031
0.38144329896907214
0.6701030927835051
0.41237113402061853
0.6597938144329897
0.6701030927835051
0.6597938144329897
0.4020618556701031
0.44329896907216493
0.6701030927835051

test accuracy:
0.24
0.44
0.56
0.4
0.2
0.6
0.52
0.32
0.24
0.6
0.24
0.48
0.56
0.6
0.28
0.36
0.6
