train_auc: 0.9757856394980166
test_auc: 0.42976234913524947
train_rho: 0.3535060114881969
test_rho: -0.04934991707894322

train accuracy: average 0.9493302271403612
0) 0.9504950495049505
1) 0.9207920792079208
2) 0.9405940594059405
3) 0.9207920792079208
4) 0.9801980198019802
5) 0.9405940594059405
6) 0.9306930693069307
7) 0.9504950495049505
8) 0.9900990099009901
9) 0.9108910891089109
10) 0.9603960396039604
11) 0.9207920792079208
12) 0.9702970297029703
13) 0.9405940594059405
14) 0.9801980198019802
15) 0.9900990099009901
16) 0.9405940594059405

test accuracy: average 0.828054298642534
0) 0.9615384615384616
1) 0.7307692307692307
2) 0.8076923076923077
3) 0.8461538461538461
4) 0.8076923076923077
5) 0.7692307692307693
6) 0.8846153846153846
7) 0.8076923076923077
8) 0.8846153846153846
9) 0.7692307692307693
10) 0.7692307692307693
11) 0.8846153846153846
12) 0.7692307692307693
13) 0.8461538461538461
14) 0.8846153846153846
15) 0.8461538461538461
16) 0.8076923076923077
