train_auc: 0.6547353589806421
test_auc: 0.4895708781719144
train_rho: 0.18613956083134225
test_rho: -0.012067656354086525

train accuracy:
0.4329896907216495
0.7525773195876289
0.7422680412371134
0.5567010309278351
0.3917525773195876
0.30927835051546393
0.7938144329896907
0.422680412371134
0.5360824742268041
0.865979381443299
0.5051546391752577
0.9175257731958762
0.7525773195876289
0.6082474226804123
0.3711340206185567
0.30927835051546393
0.6288659793814433

test accuracy:
0.24
0.72
0.72
0.4
0.4
0.32
0.68
0.24
0.32
0.6
0.44
0.68
0.52
0.52
0.2
0.32
0.68
