train_auc: 0.6431997592835144
test_auc: 0.5822153380817641
train_rho: 0.274395330462967
test_rho: 0.157407350921608

train accuracy:
0.6185567010309279
0.7010309278350515
0.5567010309278351
0.6082474226804123
0.5876288659793815
0.6597938144329897
0.5773195876288659
0.6701030927835051
0.6804123711340206
0.6082474226804123
0.6288659793814433
0.6185567010309279
0.6701030927835051
0.6082474226804123
0.5567010309278351
0.6494845360824743
0.5670103092783505

test accuracy:
0.48
0.64
0.52
0.56
0.48
0.64
0.56
0.32
0.72
0.4
0.64
0.72
0.56
0.44
0.6
0.64
0.6
