train_auc: 0.6621928756767146
test_auc: 0.49894241775742787
train_rho: 0.31225455325453083
test_rho: -0.002036512053345073

train accuracy:
0.7319587628865979
0.7628865979381443
0.6082474226804123
0.6494845360824743
0.6804123711340206
0.6804123711340206
0.5463917525773195
0.5979381443298969
0.5876288659793815
0.6185567010309279
0.5773195876288659
0.6082474226804123
0.6907216494845361
0.711340206185567
0.5876288659793815
0.5773195876288659
0.5876288659793815

test accuracy:
0.4
0.48
0.4
0.56
0.36
0.48
0.56
0.44
0.48
0.4
0.52
0.4
0.48
0.52
0.48
0.52
0.44
