train_auc: 0.5399202228694442
test_auc: 0.35745614035087714
train_rho: 0.047884382908437134
test_rho: -0.17823276155980158

train accuracy:
0.1134020618556701
0.10309278350515463
0.12371134020618557
0.9175257731958762
0.9175257731958762
0.10309278350515463
0.1134020618556701
0.9278350515463918
0.10309278350515463
0.10309278350515463
0.1134020618556701
0.9175257731958762
0.10309278350515463
0.10309278350515463
0.9175257731958762
0.9278350515463918
0.9175257731958762

test accuracy:
0.04
0.08
0.0
0.84
0.84
0.08
0.04
0.8
0.08
0.08
0.04
0.84
0.08
0.08
0.84
0.8
0.84
