train_auc: 0.7594180632417264
test_auc: 0.44886235407562425
train_rho: 0.44901564361500423
test_rho: -0.08848250607162284

train accuracy: average 0.6956025128498
0) 0.6990291262135923
1) 0.6601941747572816
2) 0.6990291262135923
3) 0.7572815533980582
4) 0.6796116504854369
5) 0.7281553398058253
6) 0.6796116504854369
7) 0.7281553398058253
8) 0.6990291262135923
9) 0.6893203883495146
10) 0.6796116504854369
11) 0.7184466019417476
12) 0.6407766990291263
13) 0.7087378640776699
14) 0.7378640776699029
15) 0.6504854368932039
16) 0.6699029126213593

test accuracy: average 0.46153846153846156
0) 0.46153846153846156
1) 0.34615384615384615
2) 0.5
3) 0.2692307692307692
4) 0.5769230769230769
5) 0.4230769230769231
6) 0.46153846153846156
7) 0.4230769230769231
8) 0.5384615384615384
9) 0.46153846153846156
10) 0.5
11) 0.38461538461538464
12) 0.6153846153846154
13) 0.5
14) 0.34615384615384615
15) 0.5384615384615384
16) 0.5
