train_auc: 0.665063947604221
test_auc: 0.5709090909090909
train_rho: 0.31930435754453307
test_rho: 0.13770663340274092

train accuracy:
0.6185567010309279
0.6185567010309279
0.6082474226804123
0.6185567010309279
0.6082474226804123
0.6288659793814433
0.6804123711340206
0.6494845360824743
0.5463917525773195
0.5567010309278351
0.6494845360824743
0.6907216494845361
0.6391752577319587
0.6288659793814433
0.5773195876288659
0.711340206185567
0.6391752577319587

test accuracy:
0.6
0.4
0.56
0.56
0.6
0.48
0.52
0.6
0.64
0.72
0.24
0.44
0.44
0.56
0.64
0.6
0.56
