train_auc: 0.774972322561355
test_auc: 0.5467400390080802
train_rho: 0.3452282124543517
test_rho: 0.05446235422780042

train accuracy:
0.7525773195876289
0.5979381443298969
0.8041237113402062
0.4948453608247423
0.7525773195876289
0.6804123711340206
0.6391752577319587
0.7938144329896907
0.6082474226804123
0.5876288659793815
0.6907216494845361
0.6907216494845361
0.865979381443299
0.7628865979381443
0.7216494845360825
0.7835051546391752
0.845360824742268

test accuracy:
0.8
0.48
0.84
0.4
0.52
0.4
0.64
0.6
0.56
0.48
0.68
0.64
0.8
0.64
0.68
0.72
0.64
