train_auc: 0.7294568150638464
test_auc: 0.5809111204438451
train_rho: 0.37703323554371404
test_rho: 0.13487882638781562

train accuracy: average 0.6662783925451369
0) 0.6138613861386139
1) 0.7128712871287128
2) 0.7227722772277227
3) 0.693069306930693
4) 0.6138613861386139
5) 0.6138613861386139
6) 0.7128712871287128
7) 0.6732673267326733
8) 0.6534653465346535
9) 0.6831683168316832
10) 0.49504950495049505
11) 0.7227722772277227
12) 0.7029702970297029
13) 0.6039603960396039
14) 0.6633663366336634
15) 0.7524752475247525
16) 0.693069306930693

test accuracy: average 0.5497737556561085
0) 0.6538461538461539
1) 0.6153846153846154
2) 0.46153846153846156
3) 0.6923076923076923
4) 0.6923076923076923
5) 0.5769230769230769
6) 0.5384615384615384
7) 0.5
8) 0.6153846153846154
9) 0.6923076923076923
10) 0.34615384615384615
11) 0.5
12) 0.5769230769230769
13) 0.34615384615384615
14) 0.5
15) 0.5384615384615384
16) 0.5
