train_auc: 0.5173776237443161
test_auc: 0.4356062379993444
train_rho: 0.03624599621804214
test_rho: -0.13743666488068476

train accuracy:
0.6701030927835051
0.6597938144329897
0.3917525773195876
0.3711340206185567
0.6701030927835051
0.6597938144329897
0.6804123711340206
0.6701030927835051
0.36082474226804123
0.36082474226804123
0.3711340206185567
0.6804123711340206
0.6597938144329897
0.6597938144329897
0.6701030927835051
0.6494845360824743
0.6701030927835051

test accuracy:
0.56
0.6
0.2
0.28
0.56
0.6
0.52
0.56
0.32
0.32
0.28
0.52
0.6
0.6
0.56
0.64
0.56
