train_auc: 0.7196226020594846
test_auc: 0.4203967863584194
train_rho: 0.38008472117946457
test_rho: -0.13780798298159475

train accuracy: average 0.6561964591661907
0) 0.6601941747572816
1) 0.6504854368932039
2) 0.6699029126213593
3) 0.6407766990291263
4) 0.6601941747572816
5) 0.6504854368932039
6) 0.6699029126213593
7) 0.6407766990291263
8) 0.6699029126213593
9) 0.6990291262135923
10) 0.6601941747572816
11) 0.6601941747572816
12) 0.6407766990291263
13) 0.6990291262135923
14) 0.6504854368932039
15) 0.6213592233009708
16) 0.6116504854368932

test accuracy: average 0.42986425339366513
0) 0.34615384615384615
1) 0.4230769230769231
2) 0.5
3) 0.5
4) 0.4230769230769231
5) 0.46153846153846156
6) 0.46153846153846156
7) 0.6153846153846154
8) 0.3076923076923077
9) 0.3076923076923077
10) 0.46153846153846156
11) 0.3076923076923077
12) 0.34615384615384615
13) 0.38461538461538464
14) 0.5769230769230769
15) 0.4230769230769231
16) 0.46153846153846156
