train_auc: 0.6653307949360581
test_auc: 0.5320739431433201
train_rho: 0.3181596697585697
test_rho: 0.061745086363290895

train accuracy:
0.6804123711340206
0.7319587628865979
0.5773195876288659
0.5567010309278351
0.5876288659793815
0.5876288659793815
0.6082474226804123
0.6391752577319587
0.6185567010309279
0.711340206185567
0.6597938144329897
0.711340206185567
0.5463917525773195
0.5876288659793815
0.6288659793814433
0.6494845360824743
0.7319587628865979

test accuracy:
0.64
0.56
0.48
0.6
0.44
0.48
0.36
0.36
0.36
0.52
0.6
0.64
0.6
0.44
0.32
0.64
0.52
