train_auc: 0.6202749140893471
test_auc: 0.5645729987355315
train_rho: 0.2397243660300204
test_rho: 0.1265862249337489

train accuracy:
0.5670103092783505
0.5360824742268041
0.5876288659793815
0.5567010309278351
0.5773195876288659
0.5773195876288659
0.6185567010309279
0.5463917525773195
0.5463917525773195
0.5876288659793815
0.5773195876288659
0.5979381443298969
0.5876288659793815
0.5463917525773195
0.5360824742268041
0.5773195876288659
0.5360824742268041

test accuracy:
0.52
0.64
0.44
0.56
0.48
0.48
0.48
0.6
0.6
0.44
0.48
0.4
0.44
0.6
0.64
0.48
0.64
