train_auc: 0.6560008302395163
test_auc: 0.4351973145570657
train_rho: 0.1918830038110286
test_rho: -0.06811035223243715

train accuracy:
0.4948453608247423
0.32989690721649484
0.5154639175257731
0.711340206185567
0.8556701030927835
0.3402061855670103
0.30927835051546393
0.7010309278350515
0.4020618556701031
0.3917525773195876
0.6288659793814433
0.4329896907216495
0.4639175257731959
0.4742268041237113
0.29896907216494845
0.8350515463917526
0.7525773195876289

test accuracy:
0.56
0.24
0.28
0.56
0.8
0.12
0.24
0.52
0.24
0.32
0.68
0.36
0.36
0.36
0.08
0.76
0.68
