train_auc: 0.8242215728783736
test_auc: 0.5889410422881206
train_rho: 0.5367297258010991
test_rho: 0.1488387457966625

train accuracy: average 0.7744146202170188
0) 0.7766990291262136
1) 0.7669902912621359
2) 0.8155339805825242
3) 0.7475728155339806
4) 0.7864077669902912
5) 0.7475728155339806
6) 0.7864077669902912
7) 0.7281553398058253
8) 0.7378640776699029
9) 0.8058252427184466
10) 0.7864077669902912
11) 0.7961165048543689
12) 0.7184466019417476
13) 0.7864077669902912
14) 0.7864077669902912
15) 0.8155339805825242
16) 0.7766990291262136

test accuracy: average 0.579185520361991
0) 0.5384615384615384
1) 0.5
2) 0.4230769230769231
3) 0.6538461538461539
4) 0.5384615384615384
5) 0.7307692307692307
6) 0.5769230769230769
7) 0.5769230769230769
8) 0.6538461538461539
9) 0.46153846153846156
10) 0.7307692307692307
11) 0.5384615384615384
12) 0.5769230769230769
13) 0.6153846153846154
14) 0.5384615384615384
15) 0.6153846153846154
16) 0.5769230769230769
