train_auc: 0.6441025856279382
test_auc: 0.44339059890240995
train_rho: 0.17079223044326713
test_rho: -0.06899948473830916

train accuracy:
0.4020618556701031
0.26804123711340205
0.4329896907216495
0.7731958762886598
0.7319587628865979
0.5257731958762887
0.38144329896907214
0.29896907216494845
0.8865979381443299
0.6082474226804123
0.845360824742268
0.6907216494845361
0.8865979381443299
0.5360824742268041
0.5257731958762887
0.5979381443298969
0.27835051546391754

test accuracy:
0.44
0.24
0.24
0.68
0.48
0.52
0.08
0.28
0.76
0.52
0.76
0.48
0.68
0.64
0.44
0.52
0.24
