train_auc: 0.7687453096016879
test_auc: 0.5270644283121597
train_rho: 0.44680551192213347
test_rho: 0.04453373453060669

train accuracy: average 0.7115933752141634
0) 0.7281553398058253
1) 0.6893203883495146
2) 0.6893203883495146
3) 0.7572815533980582
4) 0.7087378640776699
5) 0.6990291262135923
6) 0.7766990291262136
7) 0.6699029126213593
8) 0.6601941747572816
9) 0.6990291262135923
10) 0.7184466019417476
11) 0.6990291262135923
12) 0.6990291262135923
13) 0.6990291262135923
14) 0.7087378640776699
15) 0.7281553398058253
16) 0.7669902912621359

test accuracy: average 0.5135746606334841
0) 0.5384615384615384
1) 0.5384615384615384
2) 0.5769230769230769
3) 0.6153846153846154
4) 0.5
5) 0.5384615384615384
6) 0.5
7) 0.5769230769230769
8) 0.5384615384615384
9) 0.34615384615384615
10) 0.46153846153846156
11) 0.5
12) 0.5769230769230769
13) 0.5
14) 0.38461538461538464
15) 0.5384615384615384
16) 0.5
