train_auc: 0.612142204703271
test_auc: 0.5568024223372781
train_rho: 0.21417906909522041
test_rho: 0.11214210454623878

train accuracy:
0.5670103092783505
0.5876288659793815
0.5979381443298969
0.5360824742268041
0.5876288659793815
0.5979381443298969
0.5567010309278351
0.5979381443298969
0.5567010309278351
0.5463917525773195
0.5567010309278351
0.5567010309278351
0.5876288659793815
0.7010309278350515
0.5567010309278351
0.5567010309278351
0.6391752577319587

test accuracy:
0.52
0.56
0.68
0.64
0.44
0.72
0.56
0.4
0.6
0.6
0.56
0.56
0.44
0.44
0.56
0.56
0.36
