train_auc: 0.6319959356291537
test_auc: 0.5271650326797386
train_rho: 0.2522529673975258
test_rho: 0.052536497164399794

train accuracy:
0.6288659793814433
0.5670103092783505
0.5876288659793815
0.5670103092783505
0.6288659793814433
0.5567010309278351
0.5979381443298969
0.6185567010309279
0.6391752577319587
0.6804123711340206
0.5876288659793815
0.6185567010309279
0.5876288659793815
0.711340206185567
0.6082474226804123
0.6391752577319587
0.5876288659793815

test accuracy:
0.56
0.52
0.72
0.6
0.48
0.56
0.4
0.48
0.48
0.44
0.52
0.32
0.48
0.56
0.64
0.44
0.44
