train_auc: 0.5198393180544879
test_auc: 0.42913173792909665
train_rho: 0.04102029070865312
test_rho: -0.14925088431592437

train accuracy:
0.6701030927835051
0.6597938144329897
0.3917525773195876
0.3711340206185567
0.6701030927835051
0.6597938144329897
0.6804123711340206
0.6701030927835051
0.3711340206185567
0.3711340206185567
0.3711340206185567
0.6804123711340206
0.6597938144329897
0.6597938144329897
0.6701030927835051
0.6185567010309279
0.6701030927835051

test accuracy:
0.56
0.6
0.2
0.28
0.56
0.6
0.52
0.56
0.32
0.32
0.28
0.52
0.6
0.6
0.56
0.48
0.56
