train_auc: 0.5204071994092088
test_auc: 0.4323054818744474
train_rho: 0.02427084253542144
test_rho: -0.08707345192457853

train accuracy:
0.10309278350515463
0.10309278350515463
0.9072164948453608
0.10309278350515463
0.9175257731958762
0.10309278350515463
0.10309278350515463
0.10309278350515463
0.10309278350515463
0.9072164948453608
0.9072164948453608
0.9072164948453608
0.9175257731958762
0.9072164948453608
0.9072164948453608
0.9175257731958762
0.9175257731958762

test accuracy:
0.08
0.08
0.88
0.08
0.84
0.08
0.08
0.08
0.08
0.88
0.88
0.88
0.84
0.88
0.88
0.84
0.84
