train_auc: 0.5316812316316005
test_auc: 0.43976674726212484
train_rho: 0.06590420452663201
test_rho: -0.12662217695709524

train accuracy:
0.6804123711340206
0.41237113402061853
0.3917525773195876
0.3711340206185567
0.6597938144329897
0.38144329896907214
0.6701030927835051
0.3917525773195876
0.6804123711340206
0.6597938144329897
0.6597938144329897
0.6907216494845361
0.6804123711340206
0.6804123711340206
0.6494845360824743
0.6804123711340206
0.6907216494845361

test accuracy:
0.64
0.32
0.24
0.32
0.64
0.24
0.6
0.2
0.52
0.6
0.68
0.48
0.6
0.6
0.68
0.56
0.48
