train_auc: 0.7778576757623379
test_auc: 0.48194306394474606
train_rho: 0.43630167520182445
test_rho: -0.028032473644678688

train accuracy: average 0.6956025128498001
0) 0.6504854368932039
1) 0.7184466019417476
2) 0.6893203883495146
3) 0.6796116504854369
4) 0.6601941747572816
5) 0.6893203883495146
6) 0.7184466019417476
7) 0.6504854368932039
8) 0.7184466019417476
9) 0.7378640776699029
10) 0.7475728155339806
11) 0.6796116504854369
12) 0.6893203883495146
13) 0.7475728155339806
14) 0.7087378640776699
15) 0.6601941747572816
16) 0.6796116504854369

test accuracy: average 0.4751131221719457
0) 0.5384615384615384
1) 0.34615384615384615
2) 0.6153846153846154
3) 0.5
4) 0.3076923076923077
5) 0.34615384615384615
6) 0.38461538461538464
7) 0.6153846153846154
8) 0.5384615384615384
9) 0.5769230769230769
10) 0.38461538461538464
11) 0.46153846153846156
12) 0.5769230769230769
13) 0.5384615384615384
14) 0.38461538461538464
15) 0.5
16) 0.46153846153846156
