train_auc: 0.5257494078248794
test_auc: 0.3920552677029361
train_rho: 0.03096122828168909
test_rho: -0.12486799785114551

train accuracy:
0.10309278350515463
0.1134020618556701
0.9072164948453608
0.9072164948453608
0.10309278350515463
0.9072164948453608
0.9072164948453608
0.10309278350515463
0.12371134020618557
0.9072164948453608
0.10309278350515463
0.9175257731958762
0.9175257731958762
0.9072164948453608
0.12371134020618557
0.10309278350515463
0.10309278350515463

test accuracy:
0.08
0.04
0.88
0.88
0.08
0.88
0.88
0.08
0.0
0.88
0.08
0.84
0.84
0.88
0.0
0.08
0.08
