train_auc: 0.6446009776459602
test_auc: 0.47957516339869277
train_rho: 0.27733288774927417
test_rho: -0.03984095364447978

train accuracy:
0.6185567010309279
0.5979381443298969
0.6082474226804123
0.6701030927835051
0.6804123711340206
0.6701030927835051
0.5979381443298969
0.5876288659793815
0.7216494845360825
0.6804123711340206
0.6082474226804123
0.7525773195876289
0.5979381443298969
0.6494845360824743
0.6288659793814433
0.6494845360824743
0.6701030927835051

test accuracy:
0.56
0.56
0.36
0.52
0.56
0.48
0.52
0.6
0.56
0.52
0.48
0.48
0.4
0.44
0.56
0.44
0.56
