train_auc: 0.7846413286852025
test_auc: 0.47384704886820395
train_rho: 0.4487676169014518
test_rho: -0.03985914348682704

train accuracy: average 0.6944603083952028
0) 0.7378640776699029
1) 0.7087378640776699
2) 0.7572815533980582
3) 0.7087378640776699
4) 0.6601941747572816
5) 0.6601941747572816
6) 0.6601941747572816
7) 0.7475728155339806
8) 0.7087378640776699
9) 0.6893203883495146
10) 0.7087378640776699
11) 0.6601941747572816
12) 0.7378640776699029
13) 0.6213592233009708
14) 0.7087378640776699
15) 0.6796116504854369
16) 0.6504854368932039

test accuracy: average 0.5203619909502263
0) 0.46153846153846156
1) 0.5769230769230769
2) 0.4230769230769231
3) 0.5
4) 0.5
5) 0.5
6) 0.4230769230769231
7) 0.7307692307692307
8) 0.5
9) 0.46153846153846156
10) 0.5769230769230769
11) 0.5384615384615384
12) 0.5
13) 0.4230769230769231
14) 0.6538461538461539
15) 0.5
16) 0.5769230769230769
