train_auc: 0.5901306277904096
test_auc: 0.44254244242704005
train_rho: 0.18317175667261706
test_rho: -0.11339850365647243

train accuracy:
0.5670103092783505
0.38144329896907214
0.5979381443298969
0.5567010309278351
0.5876288659793815
0.5360824742268041
0.3917525773195876
0.5360824742268041
0.6185567010309279
0.5154639175257731
0.422680412371134
0.5876288659793815
0.5360824742268041
0.6597938144329897
0.5257731958762887
0.44329896907216493
0.6907216494845361

test accuracy:
0.4
0.24
0.44
0.44
0.44
0.48
0.2
0.4
0.48
0.44
0.32
0.32
0.52
0.6
0.36
0.08
0.44
