train_auc: 0.6433461607302667
test_auc: 0.5599562308195402
train_rho: 0.2786242066422303
test_rho: 0.11402399614586681

train accuracy:
0.5567010309278351
0.6804123711340206
0.5670103092783505
0.5876288659793815
0.6082474226804123
0.7525773195876289
0.5670103092783505
0.6082474226804123
0.5567010309278351
0.5670103092783505
0.5773195876288659
0.7938144329896907
0.5257731958762887
0.5979381443298969
0.6082474226804123
0.5670103092783505
0.6391752577319587

test accuracy:
0.64
0.4
0.52
0.48
0.36
0.52
0.52
0.48
0.64
0.52
0.48
0.44
0.72
0.44
0.56
0.68
0.52
