train_auc: 0.5351452671040299
test_auc: 0.37766267872775017
train_rho: 0.0671816405186892
test_rho: -0.2334957099211275

train accuracy:
0.6907216494845361
0.3711340206185567
0.3917525773195876
0.36082474226804123
0.4020618556701031
0.41237113402061853
0.6907216494845361
0.6701030927835051
0.6907216494845361
0.41237113402061853
0.6597938144329897
0.6701030927835051
0.3917525773195876
0.6494845360824743
0.36082474226804123
0.5567010309278351
0.6597938144329897

test accuracy:
0.48
0.28
0.24
0.32
0.16
0.16
0.48
0.56
0.48
0.28
0.56
0.56
0.2
0.56
0.32
0.36
0.6
