train_auc: 0.6931029072983841
test_auc: 0.533568343495935
train_rho: 0.23133182700610183
test_rho: 0.03969075229062427

train accuracy:
0.44329896907216493
0.4020618556701031
0.6494845360824743
0.4329896907216495
0.5670103092783505
0.6288659793814433
0.6288659793814433
0.5257731958762887
0.4536082474226804
0.865979381443299
0.44329896907216493
0.6597938144329897
0.41237113402061853
0.6597938144329897
0.4329896907216495
0.422680412371134
0.4742268041237113

test accuracy:
0.4
0.56
0.8
0.44
0.48
0.6
0.48
0.48
0.36
0.36
0.4
0.56
0.52
0.72
0.44
0.48
0.28
