train_auc: 0.7858616204845267
test_auc: 0.4719959805373387
train_rho: 0.45069153794705913
test_rho: -0.042680316433316316

train accuracy: average 0.7058823529411765
0) 0.7378640776699029
1) 0.7087378640776699
2) 0.7281553398058253
3) 0.7378640776699029
4) 0.6504854368932039
5) 0.6699029126213593
6) 0.6990291262135923
7) 0.7572815533980582
8) 0.7087378640776699
9) 0.7087378640776699
10) 0.7475728155339806
11) 0.6796116504854369
12) 0.7378640776699029
13) 0.6213592233009708
14) 0.7378640776699029
15) 0.7087378640776699
16) 0.6601941747572816

test accuracy: average 0.5113122171945701
0) 0.46153846153846156
1) 0.5769230769230769
2) 0.38461538461538464
3) 0.46153846153846156
4) 0.5384615384615384
5) 0.4230769230769231
6) 0.46153846153846156
7) 0.7307692307692307
8) 0.5
9) 0.46153846153846156
10) 0.5769230769230769
11) 0.5384615384615384
12) 0.5
13) 0.4230769230769231
14) 0.6153846153846154
15) 0.5
16) 0.5384615384615384
