train_auc: 0.6314538244520291
test_auc: 0.573911251545542
train_rho: 0.25323051689775433
test_rho: 0.14852128629994749

train accuracy:
0.5567010309278351
0.5567010309278351
0.5670103092783505
0.7319587628865979
0.5567010309278351
0.6804123711340206
0.6082474226804123
0.5463917525773195
0.5360824742268041
0.5463917525773195
0.5360824742268041
0.5463917525773195
0.5567010309278351
0.6288659793814433
0.5876288659793815
0.5463917525773195
0.6907216494845361

test accuracy:
0.56
0.56
0.52
0.64
0.56
0.44
0.36
0.6
0.64
0.6
0.64
0.6
0.56
0.44
0.44
0.6
0.64
