train_auc: 0.6964530752266601
test_auc: 0.5598844161020327
train_rho: 0.2384100281791167
test_rho: 0.0701386330062386

train accuracy:
0.6804123711340206
0.5051546391752577
0.711340206185567
0.711340206185567
0.422680412371134
0.422680412371134
0.4536082474226804
0.41237113402061853
0.4742268041237113
0.4329896907216495
0.4329896907216495
0.4742268041237113
0.7216494845360825
0.5154639175257731
0.4742268041237113
0.44329896907216493
0.41237113402061853

test accuracy:
0.48
0.44
0.56
0.56
0.48
0.48
0.44
0.52
0.28
0.44
0.44
0.36
0.48
0.52
0.28
0.4
0.52
