train_auc: 0.6441260484934177
test_auc: 0.4438118684925886
train_rho: 0.2770733907128405
test_rho: -0.10455513408214172

train accuracy:
0.5154639175257731
0.6494845360824743
0.6391752577319587
0.6494845360824743
0.5773195876288659
0.6701030927835051
0.6597938144329897
0.6391752577319587
0.6391752577319587
0.5670103092783505
0.6701030927835051
0.4948453608247423
0.7010309278350515
0.6391752577319587
0.7216494845360825
0.6907216494845361
0.6185567010309279

test accuracy:
0.28
0.28
0.4
0.44
0.32
0.6
0.48
0.56
0.28
0.56
0.4
0.44
0.48
0.56
0.52
0.52
0.4
