train_auc: 0.6863554684309401
test_auc: 0.5021256808821576
train_rho: 0.22540130051843477
test_rho: 0.0024917129577397136

train accuracy:
0.6185567010309279
0.44329896907216493
0.5257731958762887
0.6082474226804123
0.422680412371134
0.4639175257731959
0.5257731958762887
0.4948453608247423
0.4742268041237113
0.5979381443298969
0.4329896907216495
0.5773195876288659
0.7010309278350515
0.5670103092783505
0.4742268041237113
0.44329896907216493
0.4329896907216495

test accuracy:
0.36
0.4
0.56
0.48
0.48
0.48
0.2
0.4
0.28
0.56
0.44
0.44
0.44
0.6
0.28
0.4
0.52
