train_auc: 0.7682430776770399
test_auc: 0.5374983393118108
train_rho: 0.33312507687287085
test_rho: 0.04356935016537987

train accuracy:
0.6804123711340206
0.7319587628865979
0.8247422680412371
0.7628865979381443
0.6494845360824743
0.6597938144329897
0.8041237113402062
0.5773195876288659
0.6391752577319587
0.8865979381443299
0.5257731958762887
0.7010309278350515
0.7216494845360825
0.7938144329896907
0.6391752577319587
0.5154639175257731
0.7731958762886598

test accuracy:
0.64
0.6
0.68
0.56
0.48
0.56
0.64
0.4
0.56
0.56
0.44
0.52
0.56
0.68
0.4
0.4
0.8
