train_auc: 0.7317113778794762
test_auc: 0.5556399864910503
train_rho: 0.2744190523017132
test_rho: 0.07043595505054692

train accuracy:
0.6597938144329897
0.5463917525773195
0.5463917525773195
0.7835051546391752
0.5670103092783505
0.5979381443298969
0.6701030927835051
0.6701030927835051
0.9381443298969072
0.6082474226804123
0.6804123711340206
0.4845360824742268
0.4639175257731959
0.6082474226804123
0.711340206185567
0.711340206185567
0.5154639175257731

test accuracy:
0.68
0.68
0.48
0.72
0.48
0.56
0.64
0.6
0.6
0.6
0.56
0.48
0.4
0.44
0.68
0.68
0.48
