train_auc: 0.609575132771009
test_auc: 0.4888751094251532
train_rho: 0.21308518813365268
test_rho: -0.02178435836274922

train accuracy:
0.5979381443298969
0.711340206185567
0.6701030927835051
0.5154639175257731
0.5567010309278351
0.5876288659793815
0.5051546391752577
0.6288659793814433
0.422680412371134
0.4742268041237113
0.5567010309278351
0.5773195876288659
0.6082474226804123
0.6185567010309279
0.5360824742268041
0.5979381443298969
0.5773195876288659

test accuracy:
0.56
0.36
0.56
0.52
0.56
0.52
0.4
0.48
0.36
0.2
0.44
0.44
0.48
0.52
0.4
0.52
0.44
