train_auc: 0.8063443954868452
test_auc: 0.5706378341172422
train_rho: 0.39578555601744264
test_rho: 0.09702075757184278

train accuracy:
0.711340206185567
0.8144329896907216
0.7731958762886598
0.9278350515463918
0.6907216494845361
0.8144329896907216
0.8041237113402062
0.6597938144329897
0.6701030927835051
0.7628865979381443
0.8350515463917526
0.7628865979381443
0.9072164948453608
0.8247422680412371
0.6907216494845361
0.8041237113402062
0.6804123711340206

test accuracy:
0.72
0.8
0.72
0.76
0.68
0.68
0.84
0.68
0.56
0.6
0.6
0.64
0.8
0.64
0.56
0.88
0.64
