train_auc: 0.527127707177376
test_auc: 0.38994818131508785
train_rho: 0.05214389266091691
test_rho: -0.2068766044978914

train accuracy:
0.3711340206185567
0.6804123711340206
0.6701030927835051
0.3711340206185567
0.3917525773195876
0.6804123711340206
0.6494845360824743
0.6701030927835051
0.38144329896907214
0.6597938144329897
0.3711340206185567
0.6597938144329897
0.3917525773195876
0.4020618556701031
0.38144329896907214
0.6701030927835051
0.38144329896907214

test accuracy:
0.28
0.52
0.56
0.28
0.2
0.52
0.64
0.56
0.24
0.6
0.28
0.6
0.2
0.16
0.24
0.56
0.24
