train_auc: 0.7358170601517255
test_auc: 0.42947429659403435
train_rho: 0.37179091524700913
test_rho: -0.10748668926124136

train accuracy: average 0.5996573386636208
0) 0.5922330097087378
1) 0.5533980582524272
2) 0.6601941747572816
3) 0.5922330097087378
4) 0.5825242718446602
5) 0.5825242718446602
6) 0.5533980582524272
7) 0.6407766990291263
8) 0.6310679611650486
9) 0.6504854368932039
10) 0.6116504854368932
11) 0.5728155339805825
12) 0.6504854368932039
13) 0.5145631067961165
14) 0.6893203883495146
15) 0.5533980582524272
16) 0.5631067961165048

test accuracy: average 0.41402714932126694
0) 0.3076923076923077
1) 0.4230769230769231
2) 0.5
3) 0.38461538461538464
4) 0.4230769230769231
5) 0.34615384615384615
6) 0.4230769230769231
7) 0.38461538461538464
8) 0.38461538461538464
9) 0.5
10) 0.38461538461538464
11) 0.5769230769230769
12) 0.46153846153846156
13) 0.3076923076923077
14) 0.46153846153846156
15) 0.34615384615384615
16) 0.4230769230769231
