train_auc: 0.9908200734394125
test_auc: 0.44382232176185143
train_rho: 0.3646765099992765
test_rho: -0.0394711914280653

train accuracy: average 0.9866045428072219
0) 1.0
1) 0.9603960396039604
2) 1.0
3) 0.9900990099009901
4) 1.0
5) 0.9801980198019802
6) 0.9900990099009901
7) 0.9801980198019802
8) 1.0
9) 0.9306930693069307
10) 1.0
11) 0.9603960396039604
12) 1.0
13) 0.9900990099009901
14) 1.0
15) 1.0
16) 0.9900990099009901

test accuracy: average 0.8438914027149321
0) 0.9615384615384616
1) 0.8076923076923077
2) 0.8846153846153846
3) 0.8846153846153846
4) 0.8076923076923077
5) 0.7307692307692307
6) 0.8461538461538461
7) 0.8461538461538461
8) 0.9230769230769231
9) 0.8846153846153846
10) 0.8461538461538461
11) 0.8461538461538461
12) 0.7692307692307693
13) 0.8461538461538461
14) 0.8076923076923077
15) 0.8461538461538461
16) 0.8076923076923077
