train_auc: 0.7699115938164157
test_auc: 0.5267832265254946
train_rho: 0.33710778614160813
test_rho: 0.031057405118377023

train accuracy:
0.7628865979381443
0.5979381443298969
0.7731958762886598
0.4948453608247423
0.7628865979381443
0.6597938144329897
0.6185567010309279
0.7628865979381443
0.6288659793814433
0.5876288659793815
0.6804123711340206
0.6907216494845361
0.8762886597938144
0.7731958762886598
0.7319587628865979
0.7422680412371134
0.7731958762886598

test accuracy:
0.72
0.48
0.76
0.44
0.52
0.4
0.64
0.64
0.56
0.48
0.68
0.56
0.8
0.6
0.72
0.68
0.6
