train_auc: 0.5277933423324759
test_auc: 0.4032063783411724
train_rho: 0.03324431458311928
test_rho: -0.12220422683333586

train accuracy:
0.9072164948453608
0.9072164948453608
0.9072164948453608
0.9072164948453608
0.9175257731958762
0.9278350515463918
0.10309278350515463
0.9072164948453608
0.1134020618556701
0.10309278350515463
0.9072164948453608
0.1134020618556701
0.9175257731958762
0.10309278350515463
0.10309278350515463
0.9175257731958762
0.1134020618556701

test accuracy:
0.88
0.88
0.88
0.88
0.84
0.8
0.08
0.88
0.04
0.08
0.88
0.04
0.84
0.08
0.08
0.84
0.04
