train_auc: 0.7442794692713581
test_auc: 0.5462681526511314
train_rho: 0.2907407950611239
test_rho: 0.059072270316952585

train accuracy:
0.5257731958762887
0.5463917525773195
0.5876288659793815
0.7010309278350515
0.5773195876288659
0.7422680412371134
0.6185567010309279
0.7216494845360825
0.7938144329896907
0.7216494845360825
0.4742268041237113
0.5154639175257731
0.7319587628865979
0.5360824742268041
0.7731958762886598
0.8041237113402062
0.6907216494845361

test accuracy:
0.52
0.64
0.44
0.48
0.64
0.72
0.6
0.64
0.64
0.72
0.72
0.28
0.6
0.44
0.72
0.64
0.6
