train_auc: 0.7471721290052793
test_auc: 0.44021560911624863
train_rho: 0.42776266584283956
test_rho: -0.10349791100857668

train accuracy: average 0.6830382638492289
0) 0.6504854368932039
1) 0.6699029126213593
2) 0.6893203883495146
3) 0.6893203883495146
4) 0.6213592233009708
5) 0.6893203883495146
6) 0.6601941747572816
7) 0.6310679611650486
8) 0.6893203883495146
9) 0.7475728155339806
10) 0.6893203883495146
11) 0.6893203883495146
12) 0.6893203883495146
13) 0.7378640776699029
14) 0.6990291262135923
15) 0.7087378640776699
16) 0.6601941747572816

test accuracy: average 0.44796380090497734
0) 0.38461538461538464
1) 0.46153846153846156
2) 0.5384615384615384
3) 0.5384615384615384
4) 0.38461538461538464
5) 0.5384615384615384
6) 0.38461538461538464
7) 0.5769230769230769
8) 0.38461538461538464
9) 0.34615384615384615
10) 0.5
11) 0.38461538461538464
12) 0.34615384615384615
13) 0.38461538461538464
14) 0.5384615384615384
15) 0.46153846153846156
16) 0.46153846153846156
