train_auc: 0.6299691774389099
test_auc: 0.43470674321738145
train_rho: 0.1545336927851865
test_rho: -0.08260411277625904

train accuracy:
0.6391752577319587
0.6907216494845361
0.20618556701030927
0.7422680412371134
0.6082474226804123
0.36082474226804123
0.5979381443298969
0.4948453608247423
0.9072164948453608
0.9072164948453608
0.7422680412371134
0.4020618556701031
0.5257731958762887
0.8350515463917526
0.4845360824742268
0.8865979381443299
0.31958762886597936

test accuracy:
0.52
0.64
0.28
0.76
0.44
0.2
0.52
0.36
0.72
0.84
0.56
0.28
0.52
0.84
0.44
0.84
0.16
