train_auc: 0.6889234356781967
test_auc: 0.5281969170646983
train_rho: 0.22129436290414087
test_rho: 0.03630514390156189

train accuracy:
0.4639175257731959
0.5051546391752577
0.6185567010309279
0.4948453608247423
0.4329896907216495
0.4020618556701031
0.7010309278350515
0.6494845360824743
0.5979381443298969
0.5051546391752577
0.5463917525773195
0.5257731958762887
0.711340206185567
0.422680412371134
0.44329896907216493
0.5567010309278351
0.44329896907216493

test accuracy:
0.32
0.6
0.6
0.4
0.44
0.56
0.56
0.4
0.56
0.52
0.36
0.36
0.52
0.48
0.52
0.28
0.4
