train_auc: 0.8140373547795787
test_auc: 0.4931720020325203
train_rho: 0.41189988671819805
test_rho: -0.00857816649999641

train accuracy:
0.7835051546391752
0.845360824742268
0.7319587628865979
0.8041237113402062
0.845360824742268
0.7319587628865979
0.7010309278350515
0.7938144329896907
0.7731958762886598
0.7938144329896907
0.7216494845360825
0.7835051546391752
0.8041237113402062
0.9072164948453608
0.6804123711340206
0.7835051546391752
0.7422680412371134

test accuracy:
0.56
0.76
0.64
0.68
0.76
0.64
0.6
0.68
0.56
0.68
0.56
0.52
0.8
0.48
0.6
0.64
0.64
