train_auc: 0.5139121627096669
test_auc: 0.44741657952276825
train_rho: 0.02773582703105968
test_rho: -0.10621456513982641

train accuracy:
0.6701030927835051
0.6804123711340206
0.6701030927835051
0.38144329896907214
0.6907216494845361
0.3711340206185567
0.36082474226804123
0.36082474226804123
0.6494845360824743
0.6494845360824743
0.36082474226804123
0.6494845360824743
0.6597938144329897
0.6597938144329897
0.36082474226804123
0.6494845360824743
0.6494845360824743

test accuracy:
0.56
0.52
0.56
0.24
0.48
0.28
0.32
0.32
0.64
0.64
0.32
0.64
0.6
0.6
0.32
0.64
0.64
