train_auc:               precision    recall  f1-score   support

           0       0.62      0.72      0.67       305
           1       0.56      0.48      0.52       253
           2       0.59      0.61      0.60       317
           3       0.57      0.49      0.53       165

   micro avg       0.59      0.59      0.59      1040
   macro avg       0.58      0.57      0.58      1040
weighted avg       0.59      0.59      0.59      1040

test_auc:               precision    recall  f1-score   support

           0       0.45      0.60      0.51        30
           1       0.25      0.26      0.25        27
           2       0.41      0.37      0.39        38
           3       0.28      0.20      0.23        25

   micro avg       0.37      0.37      0.37       120
   macro avg       0.35      0.36      0.35       120
weighted avg       0.36      0.37      0.36       120

train_rho: 0.5115941093501043
test_rho: 0.28801180518702085

train accuracy:
0.5817307692307693
0.5913461538461539
0.5817307692307693
0.6057692307692307
0.5961538461538461

test accuracy:
0.375
0.2916666666666667
0.4583333333333333
0.4583333333333333
0.25
