train_auc: 0.8079808271887308
test_auc: 0.5027629573170732
train_rho: 0.3997303066233428
test_rho: 0.0034527818428429597

train accuracy:
0.7835051546391752
0.8350515463917526
0.7010309278350515
0.7835051546391752
0.8350515463917526
0.7525773195876289
0.7010309278350515
0.7628865979381443
0.7422680412371134
0.7938144329896907
0.7216494845360825
0.7835051546391752
0.8041237113402062
0.865979381443299
0.6701030927835051
0.7731958762886598
0.7319587628865979

test accuracy:
0.56
0.64
0.6
0.64
0.76
0.72
0.64
0.72
0.52
0.72
0.56
0.52
0.8
0.48
0.64
0.64
0.6
