train_auc: 0.5490000810307106
test_auc: 0.436222549672022
train_rho: 0.09750023516824097
test_rho: -0.12772500633347847

train accuracy:
0.6907216494845361
0.6804123711340206
0.6804123711340206
0.3917525773195876
0.6907216494845361
0.3917525773195876
0.3711340206185567
0.6288659793814433
0.7010309278350515
0.6701030927835051
0.36082474226804123
0.6597938144329897
0.6701030927835051
0.6804123711340206
0.3917525773195876
0.6701030927835051
0.6701030927835051

test accuracy:
0.56
0.52
0.56
0.24
0.48
0.28
0.32
0.36
0.4
0.6
0.32
0.6
0.6
0.6
0.32
0.68
0.64
