train_auc: 0.660686151570689
test_auc: 0.6158954584404457
train_rho: 0.19989038586344843
test_rho: 0.1330477587291351

train accuracy:
0.4742268041237113
0.44329896907216493
0.4639175257731959
0.4536082474226804
0.44329896907216493
0.44329896907216493
0.3917525773195876
0.41237113402061853
0.5876288659793815
0.422680412371134
0.41237113402061853
0.6701030927835051
0.4536082474226804
0.44329896907216493
0.4639175257731959
0.5051546391752577
0.44329896907216493

test accuracy:
0.28
0.4
0.32
0.36
0.4
0.4
0.6
0.52
0.6
0.48
0.52
0.6
0.36
0.4
0.32
0.44
0.4
