train_auc: 0.5964870947038321
test_auc: 0.3339453284373725
train_rho: 0.11645140023755012
test_rho: -0.18958979410413426

train accuracy:
0.9072164948453608
0.5567010309278351
0.41237113402061853
0.5360824742268041
0.12371134020618557
0.41237113402061853
0.9175257731958762
0.8969072164948454
0.15463917525773196
0.4329896907216495
0.2268041237113402
0.3917525773195876
0.6597938144329897
0.5773195876288659
0.20618556701030927
0.26804123711340205
0.9072164948453608

test accuracy:
0.8
0.44
0.48
0.36
0.0
0.4
0.84
0.84
0.08
0.48
0.12
0.12
0.68
0.48
0.16
0.28
0.84
