train_auc: 0.5436114980372293
test_auc: 0.35877192982456135
train_rho: 0.05219018638571011
test_rho: -0.17643838265166384

train accuracy:
0.12371134020618557
0.1134020618556701
0.12371134020618557
0.9175257731958762
0.9175257731958762
0.12371134020618557
0.1134020618556701
0.9278350515463918
0.10309278350515463
0.13402061855670103
0.1134020618556701
0.9175257731958762
0.12371134020618557
0.12371134020618557
0.9175257731958762
0.9278350515463918
0.9175257731958762

test accuracy:
0.04
0.12
0.0
0.84
0.84
0.08
0.04
0.8
0.08
0.08
0.04
0.84
0.08
0.08
0.84
0.8
0.84
