train_auc: 0.7631912113044188
test_auc: 0.524677826491298
train_rho: 0.32631476940002785
test_rho: 0.028688626755227334

train accuracy:
0.6804123711340206
0.7010309278350515
0.7731958762886598
0.7628865979381443
0.6288659793814433
0.6185567010309279
0.8041237113402062
0.5670103092783505
0.6494845360824743
0.8969072164948454
0.5257731958762887
0.7628865979381443
0.7319587628865979
0.7835051546391752
0.6391752577319587
0.5154639175257731
0.7731958762886598

test accuracy:
0.64
0.6
0.64
0.6
0.48
0.6
0.64
0.4
0.56
0.52
0.44
0.52
0.6
0.6
0.4
0.4
0.8
