train_auc: 0.7531422131212598
test_auc: 0.4215918648214696
train_rho: 0.3974926060476077
test_rho: -0.12172463679301904

train accuracy: average 0.6407766990291262
0) 0.5922330097087378
1) 0.6796116504854369
2) 0.7087378640776699
3) 0.5436893203883495
4) 0.6504854368932039
5) 0.5922330097087378
6) 0.6116504854368932
7) 0.6407766990291263
8) 0.6310679611650486
9) 0.6990291262135923
10) 0.6893203883495146
11) 0.6116504854368932
12) 0.5728155339805825
13) 0.7475728155339806
14) 0.6407766990291263
15) 0.6407766990291263
16) 0.6407766990291263

test accuracy: average 0.43891402714932126
0) 0.4230769230769231
1) 0.46153846153846156
2) 0.5
3) 0.3076923076923077
4) 0.34615384615384615
5) 0.3076923076923077
6) 0.4230769230769231
7) 0.46153846153846156
8) 0.5
9) 0.5
10) 0.5
11) 0.3076923076923077
12) 0.46153846153846156
13) 0.4230769230769231
14) 0.5384615384615384
15) 0.5769230769230769
16) 0.4230769230769231
