train_auc: 0.6634543088490457
test_auc: 0.5964673245937056
train_rho: 0.31626554829320236
test_rho: 0.18556441217072153

train accuracy:
0.5979381443298969
0.6907216494845361
0.6391752577319587
0.6288659793814433
0.6391752577319587
0.5773195876288659
0.5979381443298969
0.6391752577319587
0.5773195876288659
0.5979381443298969
0.6185567010309279
0.6804123711340206
0.6082474226804123
0.6082474226804123
0.6597938144329897
0.6804123711340206
0.6391752577319587

test accuracy:
0.56
0.48
0.68
0.68
0.52
0.48
0.52
0.56
0.6
0.6
0.6
0.52
0.6
0.6
0.48
0.48
0.6
