train_auc: 0.8854032121283287
test_auc: 0.752846494102228
train_rho: 0.6675248813138178
test_rho: 0.43790374299623097

train accuracy: average 0.8132495716733295
0) 0.8252427184466019
1) 0.7961165048543689
2) 0.8446601941747572
3) 0.8155339805825242
4) 0.8155339805825242
5) 0.8349514563106796
6) 0.7766990291262136
7) 0.8155339805825242
8) 0.8058252427184466
9) 0.8058252427184466
10) 0.7961165048543689
11) 0.8058252427184466
12) 0.8446601941747572
13) 0.7864077669902912
14) 0.8349514563106796
15) 0.8155339805825242
16) 0.8058252427184466

test accuracy: average 0.6900452488687784
0) 0.6538461538461539
1) 0.6538461538461539
2) 0.6923076923076923
3) 0.7692307692307693
4) 0.6153846153846154
5) 0.6153846153846154
6) 0.7692307692307693
7) 0.6923076923076923
8) 0.6538461538461539
9) 0.7307692307692307
10) 0.6923076923076923
11) 0.6153846153846154
12) 0.6923076923076923
13) 0.7307692307692307
14) 0.7692307692307693
15) 0.7692307692307693
16) 0.6153846153846154
