train_auc: 0.757392866030444
test_auc: 0.6067821067821068
train_rho: 0.4241309915809561
test_rho: 0.17624814493036503

train accuracy: average 0.6930693069306929
0) 0.7029702970297029
1) 0.6534653465346535
2) 0.7128712871287128
3) 0.6831683168316832
4) 0.7524752475247525
5) 0.6732673267326733
6) 0.6633663366336634
7) 0.6732673267326733
8) 0.6732673267326733
9) 0.6831683168316832
10) 0.7425742574257426
11) 0.6831683168316832
12) 0.7029702970297029
13) 0.7029702970297029
14) 0.6534653465346535
15) 0.7029702970297029
16) 0.7227722772277227

test accuracy: average 0.5904977375565611
0) 0.6153846153846154
1) 0.6538461538461539
2) 0.5769230769230769
3) 0.5769230769230769
4) 0.5384615384615384
5) 0.6538461538461539
6) 0.7307692307692307
7) 0.5769230769230769
8) 0.5769230769230769
9) 0.6153846153846154
10) 0.4230769230769231
11) 0.6153846153846154
12) 0.5384615384615384
13) 0.5769230769230769
14) 0.6923076923076923
15) 0.5769230769230769
16) 0.5
