train_auc: 0.8002409540145389
test_auc: 0.5558987644479874
train_rho: 0.37920306134743476
test_rho: 0.06724004457953453

train accuracy:
0.7216494845360825
0.7525773195876289
0.7216494845360825
0.6597938144329897
0.6185567010309279
0.6907216494845361
0.7216494845360825
0.6907216494845361
0.7422680412371134
0.6907216494845361
0.7628865979381443
0.7422680412371134
0.7422680412371134
0.7010309278350515
0.8969072164948454
0.8865979381443299
0.711340206185567

test accuracy:
0.6
0.8
0.6
0.68
0.8
0.52
0.64
0.44
0.6
0.56
0.6
0.64
0.76
0.52
0.76
0.72
0.52
