train_auc: 0.6908992216790849
test_auc: 0.5770577105014191
train_rho: 0.31625843823961786
test_rho: 0.12418040040208049

train accuracy: average 0.6406523005241701
0) 0.6633663366336634
1) 0.6831683168316832
2) 0.6633663366336634
3) 0.6732673267326733
4) 0.6435643564356436
5) 0.6039603960396039
6) 0.594059405940594
7) 0.6237623762376238
8) 0.6336633663366337
9) 0.6039603960396039
10) 0.6534653465346535
11) 0.594059405940594
12) 0.6435643564356436
13) 0.6534653465346535
14) 0.6633663366336634
15) 0.6435643564356436
16) 0.6534653465346535

test accuracy: average 0.5610859728506787
0) 0.6153846153846154
1) 0.5
2) 0.5769230769230769
3) 0.5
4) 0.6538461538461539
5) 0.4230769230769231
6) 0.5384615384615384
7) 0.5
8) 0.7307692307692307
9) 0.5
10) 0.5
11) 0.6153846153846154
12) 0.5
13) 0.6153846153846154
14) 0.46153846153846156
15) 0.6538461538461539
16) 0.6538461538461539
