train_auc: 0.8948890251699526
test_auc: 0.7271945451194791
train_rho: 0.6839187752565161
test_rho: 0.39349738808568513

train accuracy: average 0.8280982295830953
0) 0.8155339805825242
1) 0.8349514563106796
2) 0.8058252427184466
3) 0.8446601941747572
4) 0.8058252427184466
5) 0.8252427184466019
6) 0.7961165048543689
7) 0.8349514563106796
8) 0.8058252427184466
9) 0.8349514563106796
10) 0.8543689320388349
11) 0.8349514563106796
12) 0.8155339805825242
13) 0.8058252427184466
14) 0.8252427184466019
15) 0.9223300970873787
16) 0.8155339805825242

test accuracy: average 0.665158371040724
0) 0.7307692307692307
1) 0.6153846153846154
2) 0.7307692307692307
3) 0.5384615384615384
4) 0.7307692307692307
5) 0.7307692307692307
6) 0.6538461538461539
7) 0.6538461538461539
8) 0.6538461538461539
9) 0.5
10) 0.6153846153846154
11) 0.7692307692307693
12) 0.7692307692307693
13) 0.6923076923076923
14) 0.6923076923076923
15) 0.5
16) 0.7307692307692307
