train_auc: 0.6316974791303701
test_auc: 0.41812754065040647
train_rho: 0.15754412692385927
test_rho: -0.09670831982200725

train accuracy:
0.9175257731958762
0.5051546391752577
0.1958762886597938
0.2268041237113402
0.9278350515463918
0.4639175257731959
0.5360824742268041
0.6494845360824743
0.5876288659793815
0.3402061855670103
0.8969072164948454
0.7525773195876289
0.27835051546391754
0.4845360824742268
0.7010309278350515
0.5567010309278351
0.711340206185567

test accuracy:
0.84
0.32
0.12
0.2
0.76
0.36
0.6
0.4
0.6
0.28
0.84
0.64
0.24
0.44
0.48
0.48
0.56
