train_auc: 0.7310261949078739
test_auc: 0.48100303951367773
train_rho: 0.28503489033844026
test_rho: -0.02493428777457038

train accuracy:
0.4020618556701031
0.7319587628865979
0.6082474226804123
0.9175257731958762
0.6494845360824743
0.7525773195876289
0.7010309278350515
0.9381443298969072
0.5773195876288659
0.6701030927835051
0.6597938144329897
0.5876288659793815
0.6185567010309279
0.7628865979381443
0.7422680412371134
0.8144329896907216
0.8350515463917526

test accuracy:
0.36
0.48
0.64
0.68
0.52
0.56
0.76
0.76
0.44
0.72
0.48
0.68
0.4
0.6
0.72
0.84
0.68
