train_auc:               precision    recall  f1-score   support

           0       0.64      0.75      0.69       310
           1       0.56      0.45      0.50       244
           2       0.58      0.60      0.59       316
           3       0.56      0.50      0.53       170

   micro avg       0.60      0.60      0.60      1040
   macro avg       0.59      0.58      0.58      1040
weighted avg       0.59      0.60      0.59      1040

test_auc:               precision    recall  f1-score   support

           0       0.31      0.44      0.36        25
           1       0.42      0.28      0.33        36
           2       0.51      0.56      0.54        39
           3       0.35      0.30      0.32        20

   micro avg       0.41      0.41      0.41       120
   macro avg       0.40      0.40      0.39       120
weighted avg       0.41      0.41      0.40       120

train_rho: 0.5255802536402031
test_rho: 0.2984532390175743

train accuracy:
0.6009615384615384
0.5961538461538461
0.6105769230769231
0.5769230769230769
0.5913461538461539

test accuracy:
0.3333333333333333
0.4583333333333333
0.3333333333333333
0.5
0.4166666666666667
