train_auc: 0.7419502012939205
test_auc: 0.5780252169641394
train_rho: 0.2996843174710687
test_rho: 0.08132296055290769

train accuracy:
0.7731958762886598
0.5360824742268041
0.6288659793814433
0.8041237113402062
0.8144329896907216
0.5670103092783505
0.5463917525773195
0.7216494845360825
0.6288659793814433
0.6494845360824743
0.4742268041237113
0.6804123711340206
0.6494845360824743
0.5773195876288659
0.4845360824742268
0.7938144329896907
0.6804123711340206

test accuracy:
0.68
0.36
0.32
0.72
0.72
0.44
0.48
0.56
0.44
0.64
0.52
0.6
0.72
0.4
0.48
0.68
0.56
