train_auc: 0.5316367899990917
test_auc: 0.37455538617886175
train_rho: 0.03783446801762309
test_rho: -0.14839979403901493

train accuracy:
0.1134020618556701
0.10309278350515463
0.9072164948453608
0.1134020618556701
0.9072164948453608
0.9175257731958762
0.9072164948453608
0.9072164948453608
0.1134020618556701
0.9175257731958762
0.1134020618556701
0.9072164948453608
0.1134020618556701
0.9175257731958762
0.9175257731958762
0.10309278350515463
0.1134020618556701

test accuracy:
0.04
0.08
0.88
0.04
0.88
0.84
0.88
0.88
0.04
0.84
0.04
0.88
0.04
0.84
0.84
0.08
0.04
