train_auc: 0.7238458743776268
test_auc: 0.5856516768292683
train_rho: 0.2727169828251504
test_rho: 0.10213866521841207

train accuracy:
0.5463917525773195
0.5360824742268041
0.5360824742268041
0.5979381443298969
0.7835051546391752
0.711340206185567
0.7731958762886598
0.6907216494845361
0.8144329896907216
0.5567010309278351
0.6701030927835051
0.6907216494845361
0.711340206185567
0.711340206185567
0.6494845360824743
0.6804123711340206
0.5567010309278351

test accuracy:
0.64
0.52
0.4
0.6
0.72
0.6
0.6
0.72
0.56
0.48
0.56
0.52
0.56
0.72
0.72
0.56
0.48
