train_auc: 0.6752467512508324
test_auc: 0.5932398964313857
train_rho: 0.20702103951719578
test_rho: 0.118449310756363

train accuracy:
0.4329896907216495
0.711340206185567
0.44329896907216493
0.5670103092783505
0.44329896907216493
0.6494845360824743
0.4639175257731959
0.4639175257731959
0.7319587628865979
0.44329896907216493
0.4948453608247423
0.422680412371134
0.4020618556701031
0.7216494845360825
0.422680412371134
0.422680412371134
0.5257731958762887

test accuracy:
0.44
0.52
0.4
0.6
0.4
0.36
0.4
0.32
0.72
0.4
0.52
0.48
0.56
0.48
0.48
0.48
0.52
