train_auc: 0.6824089316618125
test_auc: 0.5596491228070175
train_rho: 0.216226866635147
test_rho: 0.07394738666465357

train accuracy:
0.6391752577319587
0.5154639175257731
0.4948453608247423
0.5051546391752577
0.4536082474226804
0.3917525773195876
0.6907216494845361
0.4536082474226804
0.8144329896907216
0.5257731958762887
0.7731958762886598
0.4742268041237113
0.422680412371134
0.4639175257731959
0.4742268041237113
0.4329896907216495
0.44329896907216493

test accuracy:
0.48
0.36
0.4
0.4
0.4
0.6
0.64
0.36
0.64
0.52
0.68
0.32
0.56
0.32
0.48
0.48
0.44
