train_auc: 0.7298077232243336
test_auc: 0.5523421879463011
train_rho: 0.2786238821035323
test_rho: 0.05832466481774034

train accuracy:
0.4845360824742268
0.6701030927835051
0.5670103092783505
0.5051546391752577
0.7938144329896907
0.6185567010309279
0.5154639175257731
0.711340206185567
0.7628865979381443
0.7010309278350515
0.5051546391752577
0.5876288659793815
0.5876288659793815
0.5876288659793815
0.5567010309278351
0.7010309278350515
0.5051546391752577

test accuracy:
0.36
0.52
0.36
0.48
0.52
0.6
0.48
0.48
0.76
0.72
0.44
0.56
0.52
0.52
0.48
0.36
0.4
