train_auc: 0.8471968896369069
test_auc: 0.7053366644823067
train_rho: 0.6013508846164791
test_rho: 0.35562167579357

train accuracy: average 0.7784123358081096
0) 0.7864077669902912
1) 0.7572815533980582
2) 0.8155339805825242
3) 0.7669902912621359
4) 0.7766990291262136
5) 0.7864077669902912
6) 0.7475728155339806
7) 0.7766990291262136
8) 0.7766990291262136
9) 0.7669902912621359
10) 0.7766990291262136
11) 0.8252427184466019
12) 0.8058252427184466
13) 0.7475728155339806
14) 0.7475728155339806
15) 0.7572815533980582
16) 0.8155339805825242

test accuracy: average 0.6493212669683258
0) 0.7307692307692307
1) 0.5
2) 0.6538461538461539
3) 0.6538461538461539
4) 0.5384615384615384
5) 0.5769230769230769
6) 0.8461538461538461
7) 0.6153846153846154
8) 0.7692307692307693
9) 0.6923076923076923
10) 0.7307692307692307
11) 0.6923076923076923
12) 0.5769230769230769
13) 0.7692307692307693
14) 0.5384615384615384
15) 0.6153846153846154
16) 0.5384615384615384
