train_auc: 0.5369321198819588
test_auc: 0.41255244414089187
train_rho: 0.0706558740782314
test_rho: -0.16665545594762898

train accuracy:
0.3917525773195876
0.3917525773195876
0.3711340206185567
0.4020618556701031
0.6804123711340206
0.6804123711340206
0.6804123711340206
0.4536082474226804
0.7010309278350515
0.6804123711340206
0.6494845360824743
0.6701030927835051
0.38144329896907214
0.38144329896907214
0.6804123711340206
0.41237113402061853
0.3917525773195876

test accuracy:
0.28
0.24
0.36
0.16
0.52
0.6
0.56
0.44
0.44
0.56
0.64
0.6
0.24
0.28
0.6
0.32
0.28
