train_auc: 0.686137104899165
test_auc: 0.5254418552290893
train_rho: 0.2189067764522888
test_rho: 0.032250375142535814

train accuracy:
0.44329896907216493
0.4329896907216495
0.4536082474226804
0.7938144329896907
0.4536082474226804
0.4536082474226804
0.7216494845360825
0.6082474226804123
0.7010309278350515
0.5567010309278351
0.4639175257731959
0.5773195876288659
0.4536082474226804
0.422680412371134
0.6185567010309279
0.5876288659793815
0.44329896907216493

test accuracy:
0.4
0.44
0.36
0.68
0.36
0.36
0.52
0.52
0.64
0.48
0.32
0.44
0.36
0.48
0.48
0.48
0.4
