train_auc: 0.7739687984971004
test_auc: 0.5272685000664276
train_rho: 0.3410448981156497
test_rho: 0.03173670088469831

train accuracy:
0.6804123711340206
0.7319587628865979
0.8247422680412371
0.7628865979381443
0.6597938144329897
0.6597938144329897
0.8247422680412371
0.5670103092783505
0.6597938144329897
0.8865979381443299
0.5257731958762887
0.7010309278350515
0.7216494845360825
0.8350515463917526
0.6391752577319587
0.5154639175257731
0.7835051546391752

test accuracy:
0.64
0.6
0.64
0.56
0.48
0.56
0.72
0.4
0.56
0.56
0.44
0.52
0.56
0.68
0.4
0.4
0.8
