train_auc: 0.7622852560043899
test_auc: 0.5425438596491229
train_rho: 0.32464616038051297
test_rho: 0.05366127805244123

train accuracy:
0.7216494845360825
0.7525773195876289
0.4948453608247423
0.7835051546391752
0.8144329896907216
0.7525773195876289
0.5979381443298969
0.8144329896907216
0.5360824742268041
0.8144329896907216
0.5051546391752577
0.8247422680412371
0.7422680412371134
0.6391752577319587
0.6494845360824743
0.8144329896907216
0.8556701030927835

test accuracy:
0.76
0.72
0.24
0.76
0.76
0.52
0.52
0.76
0.48
0.68
0.24
0.72
0.64
0.48
0.64
0.72
0.6
