train_auc: 0.7781181161523881
test_auc: 0.5658279860407519
train_rho: 0.3543851383904775
test_rho: 0.09345851459298572

train accuracy:
0.6082474226804123
0.7938144329896907
0.7319587628865979
0.8865979381443299
0.711340206185567
0.845360824742268
0.7319587628865979
0.8762886597938144
0.7319587628865979
0.6288659793814433
0.7525773195876289
0.7422680412371134
0.6494845360824743
0.7938144329896907
0.7835051546391752
0.7628865979381443
0.7731958762886598

test accuracy:
0.72
0.64
0.8
0.72
0.64
0.6
0.72
0.76
0.6
0.72
0.64
0.8
0.72
0.76
0.76
0.76
0.68
