train_auc: 0.916744983963601
test_auc: 0.43507109004739336
train_rho: 0.3078623551971638
test_rho: -0.04674969699312269

train accuracy: average 0.7536400698893418
0) 0.6633663366336634
1) 0.8910891089108911
2) 0.7722772277227723
3) 0.7425742574257426
4) 0.6732673267326733
5) 0.7227722772277227
6) 0.801980198019802
7) 0.900990099009901
8) 0.6336633663366337
9) 0.6237623762376238
10) 0.8811881188118812
11) 0.7227722772277227
12) 0.6732673267326733
13) 0.7623762376237624
14) 0.8316831683168316
15) 0.6732673267326733
16) 0.8415841584158416

test accuracy: average 0.6515837104072398
0) 0.5769230769230769
1) 0.7692307692307693
2) 0.5769230769230769
3) 0.5
4) 0.6923076923076923
5) 0.6538461538461539
6) 0.6538461538461539
7) 0.8461538461538461
8) 0.6538461538461539
9) 0.5769230769230769
10) 0.8076923076923077
11) 0.6538461538461539
12) 0.5769230769230769
13) 0.6923076923076923
14) 0.5
15) 0.5769230769230769
16) 0.7692307692307693
