train_auc: 0.7288415459022626
test_auc: 0.4936346114830594
train_rho: 0.3299361339281404
test_rho: -0.009416641301885393

train accuracy:
0.9175257731958762
0.7216494845360825
0.7319587628865979
0.8144329896907216
0.7525773195876289
0.6597938144329897
0.9175257731958762
0.8969072164948454
0.9175257731958762
0.8144329896907216
0.8762886597938144
0.7216494845360825
0.8762886597938144
0.9484536082474226
0.8144329896907216
0.7216494845360825
0.8556701030927835

test accuracy:
0.76
0.56
0.84
0.8
0.64
0.44
0.64
0.6
0.8
0.72
0.72
0.52
0.56
0.76
0.56
0.64
0.76
