train_auc: 0.6896548043920016
test_auc: 0.5426939097151864
train_rho: 0.22278150023738694
test_rho: 0.053980304407769346

train accuracy:
0.44329896907216493
0.4329896907216495
0.4536082474226804
0.7938144329896907
0.4536082474226804
0.4536082474226804
0.7319587628865979
0.6082474226804123
0.7835051546391752
0.5670103092783505
0.4639175257731959
0.5773195876288659
0.4536082474226804
0.422680412371134
0.6185567010309279
0.5876288659793815
0.5360824742268041

test accuracy:
0.4
0.44
0.36
0.68
0.36
0.36
0.56
0.52
0.68
0.56
0.32
0.44
0.36
0.48
0.48
0.48
0.48
