train_auc: 0.6195113848148448
test_auc: 0.5418053046867572
train_rho: 0.23105514842868163
test_rho: 0.08206672961959242

train accuracy:
0.5567010309278351
0.5979381443298969
0.5463917525773195
0.5876288659793815
0.5670103092783505
0.5773195876288659
0.6494845360824743
0.5567010309278351
0.5773195876288659
0.5773195876288659
0.5567010309278351
0.5567010309278351
0.7010309278350515
0.5567010309278351
0.6185567010309279
0.5463917525773195
0.5773195876288659

test accuracy:
0.56
0.52
0.6
0.44
0.6
0.48
0.48
0.56
0.48
0.48
0.6
0.56
0.44
0.56
0.32
0.6
0.48
