train_auc: 0.753904975355076
test_auc: 0.5169650751547303
train_rho: 0.3012725482488137
test_rho: 0.02170392332828174

train accuracy:
0.711340206185567
0.4742268041237113
0.5567010309278351
0.7216494845360825
0.5257731958762887
0.8144329896907216
0.6082474226804123
0.7938144329896907
0.5463917525773195
0.711340206185567
0.4536082474226804
0.6907216494845361
0.8556701030927835
0.8041237113402062
0.7938144329896907
0.4742268041237113
0.5670103092783505

test accuracy:
0.56
0.36
0.52
0.72
0.48
0.68
0.48
0.52
0.4
0.72
0.48
0.48
0.68
0.68
0.68
0.64
0.48
