train_auc: 0.6247891486145443
test_auc: 0.5537026501683022
train_rho: 0.23929442803351603
test_rho: 0.10489892974482537

train accuracy:
0.5463917525773195
0.6082474226804123
0.5670103092783505
0.5979381443298969
0.5670103092783505
0.6804123711340206
0.6494845360824743
0.5567010309278351
0.6082474226804123
0.5567010309278351
0.5876288659793815
0.5670103092783505
0.5979381443298969
0.6082474226804123
0.6082474226804123
0.5773195876288659
0.6391752577319587

test accuracy:
0.64
0.44
0.6
0.56
0.52
0.28
0.6
0.56
0.52
0.56
0.44
0.68
0.52
0.48
0.56
0.56
0.52
