train_auc: 0.7304829426706536
test_auc: 0.5472007997714939
train_rho: 0.2794867064027224
test_rho: 0.05263532245471113

train accuracy:
0.4845360824742268
0.6804123711340206
0.5979381443298969
0.5051546391752577
0.8144329896907216
0.5979381443298969
0.5154639175257731
0.7010309278350515
0.7835051546391752
0.7216494845360825
0.4845360824742268
0.5876288659793815
0.5670103092783505
0.5876288659793815
0.5567010309278351
0.6907216494845361
0.5051546391752577

test accuracy:
0.36
0.52
0.4
0.48
0.4
0.56
0.48
0.48
0.72
0.72
0.44
0.56
0.52
0.52
0.48
0.36
0.4
