train_auc: 0.5201045117715786
test_auc: 0.41915143342323447
train_rho: 0.040332376294754134
test_rho: -0.15931588116687714

train accuracy:
0.36082474226804123
0.3711340206185567
0.38144329896907214
0.38144329896907214
0.6597938144329897
0.6494845360824743
0.6494845360824743
0.7010309278350515
0.41237113402061853
0.36082474226804123
0.6804123711340206
0.6701030927835051
0.3711340206185567
0.3711340206185567
0.36082474226804123
0.36082474226804123
0.36082474226804123

test accuracy:
0.32
0.28
0.24
0.24
0.6
0.64
0.64
0.44
0.12
0.32
0.52
0.56
0.28
0.28
0.32
0.32
0.32
