train_auc: 0.7471598227626359
test_auc: 0.5078746684350133
train_rho: 0.29332889508962456
test_rho: 0.01008867824602768

train accuracy:
0.7216494845360825
0.4742268041237113
0.5670103092783505
0.7628865979381443
0.5463917525773195
0.865979381443299
0.6288659793814433
0.7216494845360825
0.5463917525773195
0.7010309278350515
0.4536082474226804
0.6907216494845361
0.7835051546391752
0.8041237113402062
0.7628865979381443
0.4845360824742268
0.5567010309278351

test accuracy:
0.56
0.36
0.52
0.72
0.44
0.64
0.56
0.44
0.4
0.72
0.48
0.48
0.72
0.68
0.68
0.64
0.52
