train_auc: 0.548734770384255
test_auc: 0.41739616768796806
train_rho: 0.09327097933626483
test_rho: -0.15825994570064775

train accuracy:
0.711340206185567
0.4020618556701031
0.6804123711340206
0.3711340206185567
0.3917525773195876
0.422680412371134
0.4329896907216495
0.6701030927835051
0.6804123711340206
0.6804123711340206
0.6907216494845361
0.41237113402061853
0.6494845360824743
0.422680412371134
0.6907216494845361
0.4020618556701031
0.422680412371134

test accuracy:
0.44
0.36
0.56
0.28
0.32
0.28
0.36
0.6
0.56
0.56
0.48
0.2
0.64
0.2
0.52
0.36
0.28
