train_auc: 0.6674542848455891
test_auc: 0.4286666666666667
train_rho: 0.19648667886705265
test_rho: -0.09295846628697914

train accuracy:
0.5567010309278351
0.36082474226804123
0.6907216494845361
0.5154639175257731
0.5360824742268041
0.7525773195876289
0.3917525773195876
0.7731958762886598
0.5567010309278351
0.6494845360824743
0.4536082474226804
0.865979381443299
0.9278350515463918
0.28865979381443296
0.8350515463917526
0.4845360824742268
0.7010309278350515

test accuracy:
0.6
0.52
0.64
0.32
0.56
0.72
0.32
0.6
0.44
0.48
0.4
0.76
0.72
0.2
0.76
0.32
0.6
