train_auc: 0.6806044124929562
test_auc: 0.50543172351683
train_rho: 0.21220748801252168
test_rho: 0.006839992495123145

train accuracy:
0.44329896907216493
0.4329896907216495
0.4536082474226804
0.8041237113402062
0.4536082474226804
0.4536082474226804
0.7319587628865979
0.5360824742268041
0.5979381443298969
0.6701030927835051
0.4639175257731959
0.5773195876288659
0.4536082474226804
0.422680412371134
0.6907216494845361
0.6288659793814433
0.4639175257731959

test accuracy:
0.4
0.44
0.36
0.8
0.36
0.36
0.64
0.48
0.56
0.6
0.32
0.32
0.36
0.48
0.52
0.52
0.44
