train_auc: 0.6930838029894634
test_auc: 0.5572937425269031
train_rho: 0.23476816148070367
test_rho: 0.06721622452402666

train accuracy:
0.6804123711340206
0.4948453608247423
0.6701030927835051
0.6597938144329897
0.422680412371134
0.422680412371134
0.4536082474226804
0.41237113402061853
0.4742268041237113
0.4329896907216495
0.4329896907216495
0.4742268041237113
0.711340206185567
0.5257731958762887
0.4742268041237113
0.44329896907216493
0.41237113402061853

test accuracy:
0.44
0.44
0.52
0.56
0.48
0.48
0.44
0.52
0.28
0.44
0.44
0.36
0.48
0.52
0.28
0.4
0.52
