train_auc: 0.8283273945835065
test_auc: 0.5436193954148913
train_rho: 0.4294452973011805
test_rho: 0.05948892401809615

train accuracy:
0.865979381443299
0.7319587628865979
0.6494845360824743
0.7835051546391752
0.8041237113402062
0.7422680412371134
0.8865979381443299
0.8762886597938144
0.7525773195876289
0.7938144329896907
0.8350515463917526
0.7938144329896907
0.8144329896907216
0.8556701030927835
0.8144329896907216
0.7835051546391752
0.845360824742268

test accuracy:
0.72
0.32
0.68
0.6
0.64
0.48
0.76
0.64
0.76
0.64
0.48
0.48
0.52
0.72
0.52
0.72
0.72
