train_auc: 0.748971158279401
test_auc: 0.5329280648429584
train_rho: 0.29722265435903605
test_rho: 0.042380139973357454

train accuracy:
0.5257731958762887
0.5463917525773195
0.5876288659793815
0.7010309278350515
0.5773195876288659
0.7525773195876289
0.6185567010309279
0.7216494845360825
0.8041237113402062
0.711340206185567
0.4742268041237113
0.5154639175257731
0.7319587628865979
0.5360824742268041
0.8969072164948454
0.7938144329896907
0.711340206185567

test accuracy:
0.52
0.64
0.44
0.48
0.64
0.72
0.6
0.64
0.64
0.72
0.72
0.28
0.6
0.44
0.76
0.68
0.68
