train_auc: 0.5231894947149126
test_auc: 0.4211977935382191
train_rho: 0.028484710972023316
test_rho: -0.10343111965747712

train accuracy:
0.9072164948453608
0.10309278350515463
0.10309278350515463
0.9175257731958762
0.10309278350515463
0.9072164948453608
0.9175257731958762
0.9072164948453608
0.9175257731958762
0.9175257731958762
0.9072164948453608
0.9072164948453608
0.12371134020618557
0.10309278350515463
0.10309278350515463
0.9072164948453608
0.9072164948453608

test accuracy:
0.88
0.08
0.08
0.84
0.08
0.88
0.84
0.88
0.84
0.84
0.88
0.88
0.0
0.08
0.08
0.88
0.88
