train_auc: 0.6689091452722087
test_auc: 0.41602814154360546
train_rho: 0.2040443145784989
test_rho: -0.09478857172523766

train accuracy:
0.5154639175257731
0.25773195876288657
0.8144329896907216
0.17525773195876287
0.7835051546391752
0.26804123711340205
0.38144329896907214
0.6082474226804123
0.4639175257731959
0.38144329896907214
0.44329896907216493
0.6288659793814433
0.9175257731958762
0.44329896907216493
0.8247422680412371
0.5051546391752577
0.8247422680412371

test accuracy:
0.48
0.2
0.84
0.24
0.72
0.16
0.44
0.64
0.2
0.36
0.44
0.56
0.72
0.36
0.8
0.52
0.68
