train_auc: 0.749724332271502
test_auc: 0.5016274744254019
train_rho: 0.3106509058980479
test_rho: 0.001896499320292413

train accuracy:
0.6185567010309279
0.7216494845360825
0.7628865979381443
0.7319587628865979
0.6082474226804123
0.6082474226804123
0.7628865979381443
0.6185567010309279
0.6701030927835051
0.8865979381443299
0.5670103092783505
0.8041237113402062
0.711340206185567
0.8041237113402062
0.6288659793814433
0.5567010309278351
0.7525773195876289

test accuracy:
0.44
0.6
0.6
0.64
0.52
0.56
0.64
0.4
0.56
0.6
0.48
0.56
0.6
0.64
0.32
0.52
0.76
