train_auc: 0.5596709420839902
test_auc: 0.38737969942635003
train_rho: 0.09842748504066247
test_rho: -0.18854010796383858

train accuracy: average 0.5597331716191631
0) 0.4020618556701031
1) 0.4020618556701031
2) 0.6804123711340206
3) 0.3917525773195876
4) 0.3917525773195876
5) 0.6701030927835051
6) 0.6701030927835051
7) 0.6701030927835051
8) 0.38144329896907214
9) 0.6804123711340206
10) 0.6597938144329897
11) 0.6804123711340206
12) 0.4639175257731959
13) 0.6597938144329897
14) 0.3917525773195876
15) 0.6597938144329897
16) 0.6597938144329897

test accuracy: average 0.44941176470588234
0) 0.28
1) 0.16
2) 0.52
3) 0.24
4) 0.36
5) 0.56
6) 0.56
7) 0.56
8) 0.32
9) 0.52
10) 0.6
11) 0.48
12) 0.36
13) 0.6
14) 0.32
15) 0.6
16) 0.6
