train_auc: 0.6216702367221398
test_auc: 0.5678104575163399
train_rho: 0.2428623111546184
test_rho: 0.13664259319145827

train accuracy:
0.5670103092783505
0.5979381443298969
0.5773195876288659
0.5773195876288659
0.5567010309278351
0.5670103092783505
0.5257731958762887
0.5773195876288659
0.5979381443298969
0.5567010309278351
0.5979381443298969
0.5463917525773195
0.5773195876288659
0.5360824742268041
0.5670103092783505
0.5773195876288659
0.5360824742268041

test accuracy:
0.52
0.4
0.48
0.48
0.56
0.52
0.68
0.48
0.4
0.56
0.4
0.6
0.48
0.64
0.52
0.48
0.64
