train_auc: 0.6535228595727816
test_auc: 0.3716018800813008
train_rho: 0.1835477495847954
test_rho: -0.1518161887521229

train accuracy:
0.6597938144329897
0.5154639175257731
0.3917525773195876
0.5567010309278351
0.25773195876288657
0.4020618556701031
0.38144329896907214
0.7216494845360825
0.7731958762886598
0.5360824742268041
0.3711340206185567
0.4536082474226804
0.8762886597938144
0.5773195876288659
0.422680412371134
0.5463917525773195
0.6185567010309279

test accuracy:
0.52
0.28
0.44
0.52
0.24
0.28
0.36
0.6
0.56
0.44
0.16
0.44
0.64
0.44
0.48
0.48
0.52
